[37m[36mINFO[0m[0m 06/18 11:50:49 | Command :: train_all.py pacs_dccl_cirl_akl --dataset PACS --algorithm DCCL --data_dir /home/hooasia/lgg/data/repro_dccl_data --seed 0 --trial_seed 0 --checkpoint_freq 100 --use_cirl_official --cirl_use_adaptive_kl --cirl_weight 1.0 --cirl_kl_weight 0.1 --cirl_kl_temperature 2.0
Environment:
	Python: 3.10.20
	PyTorch: 2.5.1+cu121
	Torchvision: 0.20.1+cu121
	CUDA: 12.1
	CUDNN: 90100
	NumPy: 2.2.6
	PIL: 12.0.0
Args:
	TN: False
	algorithm: DCCL
	aug: 0
	checkpoint_freq: 100
	cirl_eps: 1e-06
	cirl_kl_temperature: 2.0
	cirl_kl_weight: 0.1
	cirl_use_adaptive_kl: True
	cirl_weight: 1.0
	configs: []
	data_dir: /home/hooasia/lgg/data/repro_dccl_data
	dataset: PACS
	debug: False
	deterministic: False
	domainnet_auto_source_count: 3
	erm_baseline: weak
	evalmode: fast
	holdout_fraction: 0.2
	l: 1
	l_d: 0.05
	l_layer: 1
	label_ratio: 1.0
	lamda: 5
	log: False
	mix: 0
	model: resnet50
	model_save: None
	n_layer: 1
	name: pacs_dccl_cirl_akl
	out_dir: train_output/PACS/260618_11-50-49_pacs_dccl_cirl_akl
	out_root: train_output/PACS
	pos_mask: False
	prebuild_loader: False
	re_w: False
	sample_d: False
	seed: 0
	show: False
	source_envs: None
	start_epoch: 1000
	steps: None
	sup: True
	t: 0.1
	t_pre: 0.2
	target_env: None
	tb_freq: 10
	test_envs: None
	trial_seed: 0
	two_ce: False
	unique_name: 260618_11-50-49_pacs_dccl_cirl_akl
	use_cirl_official: True
	weak_erm: False
	work_dir: .
HParams:
	data_augmentation: True
	val_augment: False
	resnet18: False
	resnet_dropout: 0.0
	class_balanced: False
	optimizer: adam
	freeze_bn: True
	pretrained: True
	lr: 5e-05
	batch_size: 32
	weight_decay: 0.0
	t: 0.1
	t_pre: 0.2
	l: 1
	l_d: 0.01
	l_layer: 1
	n_layer: 1
	sup: True
	two_ce: False
	sample_d: False
	re_w: False
	pos_mask: False
	mix: 0
	aug: 0
	model: resnet50
	label_ratio: 1.0
	TN: False
	lamda: 5
	start_epoch: 1000
	log: False
	use_cirl_official: True
	cirl_use_adaptive_kl: True
	cirl_weight: 1.0
	cirl_kl_weight: 0.1
	cirl_kl_temperature: 2.0
	cirl_eps: 1e-06
	swad: LossValley
	swad_kwargs: 
	  n_converge: 3
	  n_tolerance: 6
	  tolerance_ratio: 0.3
	test_batchsize: 128
	indomain_test: False
Dataset:
	[PACS] #envs=4, #classes=7
	env0: art_painting (#2048)
	env1: cartoon (#2344)
	env2: photo (#1670)
	env3: sketch (#3929)

[37m[36mINFO[0m[0m 06/18 11:52:08 | n_steps = 5001
[37m[36mINFO[0m[0m 06/18 11:52:08 | checkpoint_freq = 100
[37m[36mINFO[0m[0m 06/18 11:52:08 | n_steps is updated to 5001 => 5001 for checkpointing
[37m[36mINFO[0m[0m 06/18 11:52:08 | Target test envs = [[0], [1], [2], [3]]
[37m[36mINFO[0m[0m 06/18 11:52:08 | 
[37m[36mINFO[0m[0m 06/18 11:52:12 | Testenv name escaping te_art_painting -> te_art_painting
[37m[36mINFO[0m[0m 06/18 11:52:12 | Test envs = [0], name = te_art_painting
[37m[36mINFO[0m[0m 06/18 11:52:12 | Batch sizes for each domain: [0, 32, 32, 32] (total=96)
[37m[36mINFO[0m[0m 06/18 11:52:12 | steps-per-epoch for each domain: 58.62, 41.75, 98.25 -> min = 41.75
[37m[36mINFO[0m[0m 06/18 11:52:20 | # of params = 149875669
[37m[36mINFO[0m[0m 06/18 11:53:04 | test_in     test_out    train_in    train_out   tr_outloss  env0_in     env0_out    env1_out    env2_out    env3_out    step        epoch       loss        ce_loss     L_dccl_ori  DCCL_CE     use_cirl_o  cirl_use_a  sup_cl_los  DCCL_contr  pre_cl_los  L_cirl_off  L_adaptive  alpha_d_me  alpha_c_me  cirl_loss_  cirl_loss_  cirl_loss_  cirl_maske  step_time   eval_time  
[37m[36mINFO[0m[0m 06/18 11:53:04 | 0.128737    0.183374    0.000000    0.235085    1.885493    0.128737    0.183374    0.226496    0.263473    0.215287    0           0.000000    14.300005   1.940921    12.330564   1.940921    1.000000    1.000000    5.304292    5.304292    5.111644    1.964467    0.049737    0.498433    0.501549    1.939298    1.989038    0.000299    -0.001418   12.577231   31.822322  
[37m[36mINFO[0m[0m 06/18 11:54:58 | 0.782794    0.794621    0.000000    0.939468    0.189808    0.782794    0.794621    0.933761    0.961078    0.923567    100         2.395210    9.284091    0.322011    8.837978    0.322011    1.000000    1.000000    3.835390    3.835390    4.616717    0.412653    0.334601    0.500163    0.499827    0.464968    0.359132    0.000603    0.063602    1.006522    10.877956  
[37m[36mINFO[0m[0m 06/18 11:56:52 | 0.876144    0.860636    0.000000    0.961799    0.116468    0.876144    0.860636    0.967949    0.976048    0.941401    200         4.790419    8.228229    0.112059    8.057450    0.112059    1.000000    1.000000    3.557941    3.557941    4.362862    0.140462    0.303168    0.497577    0.502420    0.163794    0.115786    0.000672    0.029578    1.012777    10.770878  
[37m[36mINFO[0m[0m 06/18 11:58:45 | 0.840757    0.841076    0.000000    0.972448    0.100089    0.840757    0.841076    0.970085    0.988024    0.959236    300         7.185629    7.884110    0.060083    7.778786    0.060083    1.000000    1.000000    3.473062    3.473062    4.233575    0.082718    0.226071    0.498315    0.501683    0.099889    0.064152    0.000697    0.020573    1.011815    10.355865  
[37m[36mINFO[0m[0m 06/18 12:00:38 | 0.856620    0.841076    0.000000    0.955401    0.143808    0.856620    0.841076    0.950855    0.979042    0.936306    400         9.580838    7.752710    0.050999    7.665526    0.050999    1.000000    1.000000    3.446027    3.446027    4.165814    0.067517    0.196674    0.499457    0.500541    0.080582    0.053043    0.000704    0.016361    1.009352    10.432776  
[37m[36mINFO[0m[0m 06/18 12:02:32 | 0.856620    0.858191    0.000000    0.963519    0.131234    0.856620    0.858191    0.967949    0.985030    0.937580    500         11.976048   7.614849    0.029867    7.554102    0.029867    1.000000    1.000000    3.407650    3.407650    4.118639    0.044387    0.163602    0.499253    0.500743    0.055053    0.032289    0.000716    0.012598    1.009199    11.174868  
[37m[36mINFO[0m[0m 06/18 12:04:26 | 0.859060    0.863081    0.000000    0.967345    0.130240    0.859060    0.863081    0.976496    0.979042    0.946497    600         14.371257   7.584772    0.029393    7.528202    0.029393    1.000000    1.000000    3.410094    3.410094    4.094725    0.042047    0.145234    0.499635    0.500364    0.051355    0.031288    0.000725    0.011493    1.011311    10.653094  
[37m[36mINFO[0m[0m 06/18 12:06:19 | 0.812081    0.821516    0.000000    0.963498    0.155131    0.812081    0.821516    0.967949    0.976048    0.946497    700         16.766467   7.524132    0.028391    7.471645    0.028391    1.000000    1.000000    3.395558    3.395558    4.057636    0.038956    0.135312    0.499743    0.500252    0.047010    0.029444    0.000728    0.010015    1.011791    10.568105  
[37m[36mINFO[0m[0m 06/18 12:08:13 | 0.856620    0.860636    0.000000    0.971029    0.120268    0.856620    0.860636    0.978632    0.979042    0.955414    800         19.161677   7.442553    0.020678    7.400643    0.020678    1.000000    1.000000    3.374898    3.374898    4.018752    0.029760    0.121502    0.500100    0.499897    0.036159    0.021888    0.000736    0.008035    1.010017    10.713351  
[37m[36mINFO[0m[0m 06/18 12:10:06 | 0.838316    0.855746    0.000000    0.970329    0.118602    0.838316    0.855746    0.978632    0.982036    0.950318    900         21.556886   7.408518    0.016757    7.372300    0.016757    1.000000    1.000000    3.367634    3.367634    4.003213    0.025723    0.104948    0.499736    0.500263    0.031704    0.018267    0.000738    0.007431    1.012445    10.420933  
[37m[36mINFO[0m[0m 06/18 12:12:00 | 0.843807    0.848411    0.000000    0.968764    0.106595    0.843807    0.848411    0.967949    0.988024    0.950318    1000        23.952096   7.392394    0.016428    7.358728    0.016428    1.000000    1.000000    3.366218    3.366218    3.993745    0.024201    0.094651    0.499914    0.500085    0.029487    0.017427    0.000744    0.006501    1.003264    11.150259  
[37m[36mINFO[0m[0m 06/18 12:13:53 | 0.815741    0.809291    0.000000    0.955115    0.212835    0.815741    0.809291    0.952991    0.976048    0.936306    1100        26.347305   7.354341    0.013797    7.324971    0.013797    1.000000    1.000000    3.361293    3.361293    3.968569    0.020915    0.084550    0.499787    0.500212    0.025189    0.015155    0.000743    0.005703    1.005121    10.263813  
[37m[36mINFO[0m[0m 06/18 12:15:45 | 0.820622    0.838631    0.000000    0.974861    0.091610    0.820622    0.838631    0.976496    0.985030    0.963057    1200        28.742515   7.401225    0.027006    7.358013    0.027006    1.000000    1.000000    3.381633    3.381633    3.970183    0.032682    0.105301    0.500649    0.499349    0.037362    0.026516    0.000742    0.006956    0.995203    10.733678  
[37m[36mINFO[0m[0m 06/18 12:17:39 | 0.838926    0.845966    0.000000    0.969180    0.114928    0.838926    0.845966    0.974359    0.979042    0.954140    1300        31.137725   7.329545    0.011620    7.304439    0.011620    1.000000    1.000000    3.357422    3.357422    3.957313    0.017325    0.077810    0.499824    0.500170    0.020836    0.012323    0.000746    0.004850    1.012218    10.546145  
[37m[36mINFO[0m[0m 06/18 12:19:32 | 0.843197    0.853301    0.000000    0.965482    0.132360    0.843197    0.853301    0.965812    0.979042    0.951592    1400        33.532934   7.305817    0.009647    7.281611    0.009647    1.000000    1.000000    3.356805    3.356805    3.939088    0.016383    0.078231    0.499799    0.500200    0.020234    0.011040    0.000746    0.004962    1.012575    10.506521  
[37m[36mINFO[0m[0m 06/18 12:21:26 | 0.849908    0.845966    0.000000    0.970615    0.107101    0.849908    0.845966    0.976496    0.985030    0.950318    1500        35.928144   7.287101    0.011941    7.262700    0.011941    1.000000    1.000000    3.353847    3.353847    3.921744    0.017267    0.071341    0.500065    0.499934    0.020462    0.012579    0.000747    0.004505    1.008600    10.895002  
[37m[36mINFO[0m[0m 06/18 12:23:20 | 0.813911    0.836186    0.000000    0.954408    0.239307    0.813911    0.836186    0.963675    0.967066    0.932484    1600        38.323353   7.356650    0.027058    7.315212    0.027058    1.000000    1.000000    3.379540    3.379540    3.934518    0.032124    0.093140    0.500458    0.499541    0.036122    0.026643    0.000741    0.006085    1.014342    10.972674  
[37m[36mINFO[0m[0m 06/18 12:25:14 | 0.843807    0.858191    0.000000    0.968331    0.158898    0.843807    0.858191    0.974359    0.979042    0.951592    1700        40.718563   7.323631    0.022480    7.288540    0.022480    1.000000    1.000000    3.377168    3.377168    3.915215    0.026878    0.082126    0.500495    0.499504    0.030191    0.022079    0.000743    0.005179    1.013394    10.677471  
[37m[36mINFO[0m[0m 06/18 12:27:09 | 0.849908    0.867971    0.000000    0.974573    0.119726    0.849908    0.867971    0.974359    0.985030    0.964331    1800        43.113772   7.260723    0.009145    7.239534    0.009145    1.000000    1.000000    3.354649    3.354649    3.903540    0.014274    0.069155    0.499860    0.500138    0.017184    0.009881    0.000742    0.003888    1.014693    10.910598  
[37m[36mINFO[0m[0m 06/18 12:29:03 | 0.782794    0.792176    0.000000    0.968728    0.135066    0.782794    0.792176    0.961538    0.979042    0.965605    1900        45.508982   7.273169    0.016154    7.245897    0.016154    1.000000    1.000000    3.359908    3.359908    3.898430    0.020190    0.070822    0.500215    0.499771    0.023015    0.015877    0.000744    0.004227    1.013792    10.927220  
[37m[36mINFO[0m[0m 06/18 12:30:56 | 0.867602    0.887531    0.000000    0.971178    0.108620    0.867602    0.887531    0.978632    0.982036    0.952866    2000        47.904192   7.231466    0.008021    7.214004    0.008021    1.000000    1.000000    3.342826    3.342826    3.892662    0.011849    0.056132    0.500036    0.499963    0.013837    0.008362    0.000750    0.003119    1.000147    10.793344  
[37m[36mINFO[0m[0m 06/18 12:32:50 | 0.830995    0.848411    0.000000    0.971879    0.140726    0.830995    0.848411    0.978632    0.979042    0.957962    2100        50.299401   7.213575    0.007046    7.198008    0.007046    1.000000    1.000000    3.341227    3.341227    3.879770    0.010811    0.047560    0.500017    0.499983    0.012619    0.007509    0.000747    0.002785    1.011959    10.875546  
[37m[36mINFO[0m[0m 06/18 12:34:44 | 0.862111    0.867971    0.000000    0.971894    0.123465    0.862111    0.867971    0.989316    0.976048    0.950318    2200        52.694611   7.252192    0.010962    7.230874    0.010962    1.000000    1.000000    3.355901    3.355901    3.895143    0.015233    0.060853    0.500121    0.499879    0.017598    0.011367    0.000750    0.003434    1.015363    10.846699  
[37m[36mINFO[0m[0m 06/18 12:36:39 | 0.844417    0.838631    0.000000    0.963208    0.156160    0.844417    0.838631    0.961538    0.979042    0.949045    2300        55.089820   7.203547    0.007590    7.186779    0.007590    1.000000    1.000000    3.341990    3.341990    3.869047    0.011418    0.053502    0.499998    0.499988    0.013344    0.007995    0.000748    0.002985    1.014673    10.677343  
[37m[36mINFO[0m[0m 06/18 12:38:33 | 0.848078    0.853301    0.000000    0.972716    0.126236    0.848078    0.853301    0.976496    0.976048    0.965605    2400        57.485030   7.205297    0.009269    7.187654    0.009269    1.000000    1.000000    3.343711    3.343711    3.866930    0.012715    0.049274    0.500086    0.499913    0.014422    0.009519    0.000745    0.002836    1.010960    11.214318  
[37m[36mINFO[0m[0m 06/18 12:40:27 | 0.857230    0.863081    0.000000    0.967732    0.149330    0.857230    0.863081    0.965812    0.973054    0.964331    2500        59.880240   7.204926    0.009253    7.187824    0.009253    1.000000    1.000000    3.347112    3.347112    3.864277    0.012395    0.047068    0.500093    0.499905    0.013925    0.009385    0.000740    0.002622    1.014124    10.903692  
[37m[36mINFO[0m[0m 06/18 12:42:20 | 0.853569    0.853301    0.000000    0.970444    0.143784    0.853569    0.853301    0.976496    0.973054    0.961783    2600        62.275449   7.208265    0.009862    7.190130    0.009862    1.000000    1.000000    3.350444    3.350444    3.863483    0.013060    0.050746    0.500183    0.499813    0.014750    0.009886    0.000742    0.002847    1.007411    10.243611  
[37m[36mINFO[0m[0m 06/18 12:44:14 | 0.827334    0.833741    0.000000    0.965488    0.166961    0.827334    0.833741    0.978632    0.970060    0.947771    2700        64.670659   7.245284    0.017401    7.218935    0.017401    1.000000    1.000000    3.366876    3.366876    3.868892    0.020343    0.060049    0.500224    0.499774    0.022494    0.016717    0.000738    0.003598    1.013006    10.926613  
[37m[36mINFO[0m[0m 06/18 12:46:09 | 0.871263    0.875306    0.000000    0.976272    0.129805    0.871263    0.875306    0.974359    0.985030    0.969427    2800        67.065868   7.256379    0.022841    7.225164    0.022841    1.000000    1.000000    3.370149    3.370149    3.865092    0.024969    0.062463    0.500320    0.499578    0.027017    0.021407    0.000757    0.003710    1.015208    10.888779  
[37m[36mINFO[0m[0m 06/18 12:48:03 | 0.872483    0.865526    0.000000    0.970167    0.132197    0.872483    0.865526    0.972222    0.979042    0.959236    2900        69.461078   7.165952    0.005127    7.153148    0.005127    1.000000    1.000000    3.340434    3.340434    3.842231    0.008544    0.042606    0.499915    0.500084    0.010002    0.005605    0.000740    0.002232    1.013452    10.865251  
[37m[36mINFO[0m[0m 06/18 12:49:57 | 0.870653    0.865526    0.000000    0.972163    0.120855    0.870653    0.865526    0.972222    0.985030    0.959236    3000        71.856287   7.153268    0.004716    7.142103    0.004716    1.000000    1.000000    3.333708    3.333708    3.839444    0.007502    0.036633    0.500022    0.499978    0.008568    0.004955    0.000740    0.001930    1.011493    10.809726  
[37m[36mINFO[0m[0m 06/18 12:51:51 | 0.854179    0.850856    0.000000    0.979131    0.122508    0.854179    0.850856    0.980769    0.991018    0.965605    3100        74.251497   7.151982    0.004253    7.141576    0.004253    1.000000    1.000000    3.335533    3.335533    3.837862    0.007087    0.033184    0.500029    0.499971    0.008107    0.004587    0.000740    0.001744    1.009938    10.822632  
[37m[36mINFO[0m[0m 06/18 12:53:45 | 0.862111    0.853301    0.000000    0.977982    0.127115    0.862111    0.853301    0.976496    0.988024    0.969427    3200        76.646707   7.141261    0.000706    7.135285    0.000706    1.000000    1.000000    3.332302    3.332302    3.839182    0.003300    0.026758    0.499913    0.500086    0.003942    0.001184    0.000737    0.001264    1.016394    10.919362  
[37m[36mINFO[0m[0m 06/18 12:55:40 | 0.825503    0.850856    0.000000    0.972014    0.155636    0.825503    0.850856    0.972222    0.982036    0.961783    3300        79.041916   7.150405    0.006179    7.137631    0.006179    1.000000    1.000000    3.338349    3.338349    3.830993    0.008921    0.038540    0.500036    0.499962    0.009999    0.006385    0.000729    0.002005    1.014124    10.841015  
[37m[36mINFO[0m[0m 06/18 12:57:34 | 0.818792    0.845966    0.000000    0.967020    0.184856    0.818792    0.845966    0.963675    0.973054    0.964331    3400        81.437126   7.189329    0.012945    7.169117    0.012945    1.000000    1.000000    3.354804    3.354804    3.838980    0.015370    0.048416    0.500236    0.499760    0.016559    0.012717    0.000732    0.002427    1.014121    10.639535  
[37m[36mINFO[0m[0m 06/18 12:59:27 | 0.799268    0.819071    0.000000    0.973988    0.136777    0.799268    0.819071    0.972222    0.979042    0.970701    3500        83.832335   7.133002    0.002172    7.125876    0.002172    1.000000    1.000000    3.333479    3.333479    3.827243    0.004628    0.024983    0.499862    0.500137    0.005161    0.002628    0.000734    0.001163    1.009726    10.698179  
[37m[36mINFO[0m[0m 06/18 13:01:22 | 0.727273    0.770171    0.000000    0.958481    0.201645    0.727273    0.770171    0.955128    0.961078    0.959236    3600        86.227545   7.157331    0.008343    7.143113    0.008343    1.000000    1.000000    3.342309    3.342309    3.830220    0.010555    0.036632    0.500040    0.499919    0.011543    0.008103    0.000732    0.002041    1.017564    10.865276  
[37m[36mINFO[0m[0m 06/18 13:03:16 | 0.802929    0.814181    0.000000    0.973151    0.112835    0.802929    0.814181    0.974359    0.982036    0.963057    3700        88.622754   7.183530    0.014986    7.163518    0.014986    1.000000    1.000000    3.355493    3.355493    3.830779    0.016034    0.039777    0.500199    0.499703    0.016606    0.013963    0.000750    0.001999    1.012739    10.773268  
[37m[36mINFO[0m[0m 06/18 13:05:09 | 0.868212    0.858191    0.000000    0.970317    0.149970    0.868212    0.858191    0.976496    0.979042    0.955414    3800        91.017964   7.157072    0.008141    7.142215    0.008141    1.000000    1.000000    3.347761    3.347761    3.824859    0.010805    0.040522    0.500024    0.499975    0.011832    0.008309    0.000734    0.001990    1.002320    10.904894  
[37m[36mINFO[0m[0m 06/18 13:07:03 | 0.805979    0.838631    0.000000    0.970294    0.124948    0.805979    0.838631    0.972222    0.973054    0.965605    3900        93.413174   7.160526    0.007745    7.147056    0.007745    1.000000    1.000000    3.348191    3.348191    3.830073    0.009938    0.035319    0.500030    0.499966    0.010716    0.007708    0.000726    0.001721    1.009941    11.061678  
[37m[36mINFO[0m[0m 06/18 13:08:58 | 0.846248    0.853301    0.000000    0.975149    0.129687    0.846248    0.853301    0.978632    0.985030    0.961783    4000        95.808383   7.119029    0.003815    7.109715    0.003815    1.000000    1.000000    3.333466    3.333466    3.811444    0.006396    0.029179    0.499876    0.500121    0.007148    0.004195    0.000725    0.001532    1.017776    11.078558  
[37m[36mINFO[0m[0m 06/18 13:10:53 | 0.841367    0.841076    0.000000    0.973726    0.139131    0.841367    0.841076    0.978632    0.982036    0.960510    4100        98.203593   7.109494    0.002210    7.103294    0.002210    1.000000    1.000000    3.329778    3.329778    3.811127    0.004057    0.021433    0.500018    0.499981    0.004358    0.002312    0.000722    0.001018    1.014943    11.115471  
[37m[36mINFO[0m[0m 06/18 13:12:47 | 0.866382    0.863081    0.000000    0.975286    0.115111    0.866382    0.863081    0.976496    0.985030    0.964331    4200        100.598802  7.118172    0.002739    7.110829    0.002739    1.000000    1.000000    3.333830    3.333830    3.814279    0.004969    0.023742    0.499943    0.500057    0.005409    0.003083    0.000723    0.001151    1.010942    11.187401  
[37m[36mINFO[0m[0m 06/18 13:14:41 | 0.823673    0.838631    0.000000    0.970859    0.150191    0.823673    0.838631    0.978632    0.967066    0.966879    4300        102.994012  7.152816    0.010389    7.135812    0.010389    1.000000    1.000000    3.352226    3.352226    3.813009    0.012997    0.040065    0.500101    0.499898    0.014100    0.010446    0.000724    0.002228    1.008112    10.783189  
[37m[36mINFO[0m[0m 06/18 13:16:35 | 0.827334    0.836186    0.000000    0.971718    0.167644    0.827334    0.836186    0.976496    0.973054    0.965605    4400        105.389222  7.140912    0.011516    7.124325    0.011516    1.000000    1.000000    3.345779    3.345779    3.806469    0.013016    0.035719    0.500249    0.499749    0.013787    0.010807    0.000719    0.001853    1.011133    10.854033  
[37m[36mINFO[0m[0m 06/18 13:18:28 | 0.799268    0.801956    0.000000    0.958070    0.224072    0.799268    0.801956    0.961538    0.961078    0.951592    4500        107.784431  7.144571    0.011782    7.127684    0.011782    1.000000    1.000000    3.346253    3.346253    3.809571    0.012940    0.039473    0.500346    0.499652    0.013674    0.010752    0.000727    0.001894    1.010443    10.679737  
[37m[36mINFO[0m[0m 06/18 13:20:22 | 0.781574    0.792176    0.000000    0.959475    0.184807    0.781574    0.792176    0.946581    0.970060    0.961783    4600        110.179641  7.202305    0.022379    7.174389    0.022379    1.000000    1.000000    3.370048    3.370048    3.821883    0.022418    0.054974    0.500553    0.499364    0.022958    0.020413    0.000733    0.002760    1.011521    10.361776  
[37m[36mINFO[0m[0m 06/18 13:22:16 | 0.790726    0.826406    0.000000    0.954825    0.225849    0.790726    0.826406    0.970085    0.958084    0.936306    4700        112.574850  7.151060    0.014489    7.130317    0.014489    1.000000    1.000000    3.347870    3.347870    3.808057    0.015929    0.048142    0.500288    0.499708    0.016875    0.013545    0.000719    0.002563    1.010496    10.700365  
[37m[36mINFO[0m[0m 06/18 13:24:09 | 0.847468    0.865526    0.000000    0.968883    0.157909    0.847468    0.865526    0.974359    0.973054    0.959236    4800        114.970060  7.153987    0.015487    7.131747    0.015487    1.000000    1.000000    3.352696    3.352696    3.803731    0.017316    0.049233    0.500319    0.499679    0.018414    0.014796    0.000711    0.002594    1.011798    10.359324  
[37m[36mINFO[0m[0m 06/18 13:26:03 | 0.774253    0.794621    0.000000    0.956219    0.211434    0.774253    0.794621    0.952991    0.964072    0.951592    4900        117.365269  7.091717    0.004889    7.081600    0.004889    1.000000    1.000000    3.332446    3.332446    3.784566    0.007055    0.030628    0.499994    0.500002    0.007809    0.004891    0.000705    0.001435    1.009595    11.224794  
[37m[36mINFO[0m[0m 06/18 13:27:57 | 0.812081    0.814181    0.000000    0.974863    0.134189    0.812081    0.814181    0.980769    0.982036    0.961783    5000        119.760479  7.119550    0.009943    7.104416    0.009943    1.000000    1.000000    3.337598    3.337598    3.797812    0.011183    0.039514    0.500253    0.499734    0.011873    0.009099    0.000697    0.002104    1.008024    10.734493  
[37m[36mINFO[0m[0m 06/18 13:27:57 | ---
[37m[33mWARNING[0m[0m 06/18 13:27:57 | Evaluate SWAD ...
[37m[36mINFO[0m[0m 06/18 13:28:08 | 0.903600    0.894866    0.000000    0.982391    0.083366    0.903600    0.894866    0.982906    0.991018    0.973248    [201-5000]  (N=49)
[37m[36mINFO[0m[0m 06/18 13:28:08 | oracle = 86.760%
[37m[36mINFO[0m[0m 06/18 13:28:08 | iid = 85.418%
[37m[36mINFO[0m[0m 06/18 13:28:08 | last = 81.208%
[37m[36mINFO[0m[0m 06/18 13:28:08 | last (inD) = 97.486%
[37m[36mINFO[0m[0m 06/18 13:28:08 | iid (inD) = 97.913%
[37m[36mINFO[0m[0m 06/18 13:28:08 | SWAD = 90.360%
[37m[36mINFO[0m[0m 06/18 13:28:08 | SWAD (inD) = 98.239%
[37m[36mINFO[0m[0m 06/18 13:28:09 | 
[37m[36mINFO[0m[0m 06/18 13:28:13 | Testenv name escaping te_cartoon -> te_cartoon
[37m[36mINFO[0m[0m 06/18 13:28:13 | Test envs = [1], name = te_cartoon
[37m[36mINFO[0m[0m 06/18 13:28:13 | Batch sizes for each domain: [32, 0, 32, 32] (total=96)
[37m[36mINFO[0m[0m 06/18 13:28:13 | steps-per-epoch for each domain: 51.22, 41.75, 98.25 -> min = 41.75
[37m[36mINFO[0m[0m 06/18 13:28:15 | # of params = 149875669
[37m[36mINFO[0m[0m 06/18 13:28:27 | test_in     test_out    train_in    train_out   tr_outloss  env0_out    env1_in     env1_out    env2_out    env3_out    step        epoch       loss        ce_loss     L_dccl_ori  DCCL_CE     use_cirl_o  cirl_use_a  sup_cl_los  DCCL_contr  pre_cl_los  L_cirl_off  L_adaptive  alpha_d_me  alpha_c_me  cirl_loss_  cirl_loss_  cirl_loss_  cirl_maske  step_time   eval_time  
[37m[36mINFO[0m[0m 06/18 13:28:27 | 0.077292    0.061966    0.000000    0.178121    2.045619    0.158924    0.077292    0.061966    0.185629    0.189809    0           0.000000    14.262840   1.962467    12.299036   1.962467    1.000000    1.000000    5.259743    5.259743    5.102086    1.956635    0.071684    0.509883    0.490100    1.953200    1.959502    0.000284    0.042725    1.007456    11.024135  
[37m[36mINFO[0m[0m 06/18 13:30:21 | 0.761194    0.805556    0.000000    0.952188    0.126416    0.943765    0.761194    0.805556    0.979042    0.933758    100         2.395210    9.181903    0.309490    8.751241    0.309490    1.000000    1.000000    3.813751    3.813751    4.563034    0.397589    0.330729    0.502117    0.497879    0.456939    0.337029    0.000606    0.071424    1.007403    11.073137  
[37m[36mINFO[0m[0m 06/18 13:32:16 | 0.776119    0.799145    0.000000    0.943286    0.179843    0.960880    0.776119    0.799145    0.967066    0.901911    200         4.790419    8.121804    0.097694    7.964242    0.097694    1.000000    1.000000    3.541227    3.541227    4.303560    0.126801    0.307612    0.498427    0.501570    0.150942    0.101309    0.000675    0.030710    1.010718    11.067089  
[37m[36mINFO[0m[0m 06/18 13:34:09 | 0.812367    0.818376    0.000000    0.968955    0.115691    0.960880    0.812367    0.818376    0.988024    0.957962    300         7.185629    7.906387    0.078670    7.780660    0.078670    1.000000    1.000000    3.486582    3.486582    4.205404    0.099568    0.261597    0.498889    0.501092    0.117059    0.080689    0.000694    0.023703    1.008203    10.775883  
[37m[36mINFO[0m[0m 06/18 13:36:03 | 0.758529    0.769231    0.000000    0.960209    0.137044    0.948655    0.758529    0.769231    0.988024    0.943949    400         9.580838    7.700728    0.046652    7.617198    0.046652    1.000000    1.000000    3.432974    3.432974    4.134605    0.063820    0.197106    0.498989    0.501002    0.076974    0.049239    0.000713    0.016248    1.006759    10.832060  
[37m[36mINFO[0m[0m 06/18 13:37:57 | 0.805437    0.833333    0.000000    0.965593    0.128359    0.958435    0.805437    0.833333    0.988024    0.950318    500         11.976048   7.573880    0.028528    7.514586    0.028528    1.000000    1.000000    3.404172    3.404172    4.084519    0.043402    0.158920    0.499192    0.500805    0.054083    0.031289    0.000716    0.012850    1.011065    10.927657  
[37m[36mINFO[0m[0m 06/18 13:39:51 | 0.805437    0.837607    0.000000    0.963631    0.130514    0.955990    0.805437    0.837607    0.982036    0.952866    600         14.371257   7.611472    0.049512    7.532444    0.049512    1.000000    1.000000    3.429988    3.429988    4.060676    0.061511    0.175173    0.500194    0.499800    0.071725    0.049845    0.000726    0.013684    1.013462    10.194055  
[37m[36mINFO[0m[0m 06/18 13:41:45 | 0.812367    0.820513    0.000000    0.961932    0.155328    0.955990    0.812367    0.820513    0.982036    0.947771    700         16.766467   7.456451    0.022890    7.410077    0.022890    1.000000    1.000000    3.380987    3.380987    4.016279    0.033446    0.129280    0.499765    0.500230    0.041268    0.024168    0.000728    0.009532    1.012173    10.703197  
[37m[36mINFO[0m[0m 06/18 13:43:39 | 0.804371    0.801282    0.000000    0.962150    0.174167    0.951100    0.804371    0.801282    0.985030    0.950318    800         19.161677   7.361886    0.011314    7.330081    0.011314    1.000000    1.000000    3.358290    3.358290    3.973769    0.021081    0.107239    0.499599    0.500401    0.027445    0.013257    0.000730    0.007429    1.007622    10.794726  
[37m[36mINFO[0m[0m 06/18 13:45:33 | 0.801173    0.824786    0.000000    0.965903    0.120591    0.955990    0.801173    0.824786    0.985030    0.956688    900         21.556886   7.376472    0.018845    7.338645    0.018845    1.000000    1.000000    3.369800    3.369800    3.965853    0.027464    0.103624    0.499874    0.500125    0.033406    0.020056    0.000733    0.007502    1.015722    10.656233  
[37m[36mINFO[0m[0m 06/18 13:47:26 | 0.779318    0.805556    0.000000    0.953980    0.201533    0.946210    0.779318    0.805556    0.973054    0.942675    1000        23.952096   7.377728    0.022003    7.337500    0.022003    1.000000    1.000000    3.376524    3.376524    3.956209    0.030092    0.101350    0.499793    0.500186    0.035824    0.022895    0.000733    0.007247    1.007618    10.703357  
[37m[36mINFO[0m[0m 06/18 13:49:20 | 0.821962    0.837607    0.000000    0.962506    0.161078    0.955990    0.821962    0.837607    0.985030    0.946497    1100        26.347305   7.331555    0.018101    7.296931    0.018101    1.000000    1.000000    3.368194    3.368194    3.929128    0.025386    0.092383    0.499881    0.500118    0.030277    0.019022    0.000736    0.006029    1.012926    10.892202  
[37m[36mINFO[0m[0m 06/18 13:51:14 | 0.811834    0.826923    0.000000    0.957630    0.180052    0.958435    0.811834    0.826923    0.973054    0.941401    1200        28.742515   7.306816    0.015008    7.276949    0.015008    1.000000    1.000000    3.363371    3.363371    3.919346    0.021346    0.085212    0.499868    0.500124    0.025411    0.015809    0.000736    0.005603    1.013127    10.562138  
[37m[36mINFO[0m[0m 06/18 13:53:08 | 0.831557    0.867521    0.000000    0.960637    0.183273    0.955990    0.831557    0.867521    0.973054    0.952866    1300        31.137725   7.300820    0.016343    7.269756    0.016343    1.000000    1.000000    3.364088    3.364088    3.911456    0.022708    0.083571    0.499882    0.500117    0.027000    0.016947    0.000734    0.005316    1.011035    10.772401  
[37m[36mINFO[0m[0m 06/18 13:55:02 | 0.801706    0.833333    0.000000    0.959018    0.174184    0.960880    0.801706    0.833333    0.976048    0.940127    1400        33.532934   7.260118    0.014316    7.232645    0.014316    1.000000    1.000000    3.356528    3.356528    3.885204    0.019699    0.077731    0.500025    0.499971    0.023157    0.014767    0.000737    0.004836    1.009572    10.764795  
[37m[36mINFO[0m[0m 06/18 13:56:55 | 0.791045    0.811966    0.000000    0.964929    0.161577    0.963325    0.791045    0.811966    0.976048    0.955414    1500        35.928144   7.267809    0.014563    7.240099    0.014563    1.000000    1.000000    3.361468    3.361468    3.889740    0.019764    0.079458    0.500063    0.499926    0.023169    0.014886    0.000737    0.005047    0.998448    10.950259  
[37m[36mINFO[0m[0m 06/18 13:58:49 | 0.771322    0.775641    0.000000    0.948424    0.264516    0.929095    0.771322    0.775641    0.976048    0.940127    1600        38.323353   7.248089    0.011154    7.225113    0.011154    1.000000    1.000000    3.352811    3.352811    3.887375    0.016028    0.069476    0.500015    0.499983    0.019004    0.011570    0.000741    0.004112    1.011209    10.868749  
[37m[36mINFO[0m[0m 06/18 14:00:42 | 0.780917    0.786325    0.000000    0.957284    0.201212    0.943765    0.780917    0.786325    0.979042    0.949045    1700        40.718563   7.338204    0.032538    7.290407    0.032538    1.000000    1.000000    3.392568    3.392568    3.892286    0.037221    0.105763    0.500614    0.499371    0.041373    0.031599    0.000734    0.006719    1.011571    10.478275  
[37m[36mINFO[0m[0m 06/18 14:02:35 | 0.820896    0.820513    0.000000    0.965571    0.182306    0.958435    0.820896    0.820513    0.979042    0.959236    1800        43.113772   7.255483    0.018620    7.224684    0.018620    1.000000    1.000000    3.359745    3.359745    3.872778    0.023188    0.076104    0.500058    0.499938    0.026186    0.018714    0.000738    0.004685    0.999261    11.090199  
[37m[36mINFO[0m[0m 06/18 14:04:29 | 0.799041    0.826923    0.000000    0.959074    0.198881    0.958435    0.799041    0.826923    0.985030    0.933758    1900        45.508982   7.182947    0.005507    7.167771    0.005507    1.000000    1.000000    3.339435    3.339435    3.851575    0.009700    0.054762    0.499961    0.500038    0.011874    0.006074    0.000727    0.002935    1.011497    10.911408  
[37m[36mINFO[0m[0m 06/18 14:06:24 | 0.813433    0.822650    0.000000    0.961703    0.180393    0.951100    0.813433    0.822650    0.976048    0.957962    2000        47.904192   7.193157    0.008451    7.174714    0.008451    1.000000    1.000000    3.344006    3.344006    3.852063    0.012659    0.057843    0.499965    0.500034    0.014920    0.008925    0.000737    0.003384    1.012421    10.953763  
[37m[36mINFO[0m[0m 06/18 14:08:17 | 0.807569    0.822650    0.000000    0.963538    0.141996    0.953545    0.807569    0.822650    0.988024    0.949045    2100        50.299401   7.196719    0.010474    7.177221    0.010474    1.000000    1.000000    3.346125    3.346125    3.851692    0.013840    0.056586    0.500066    0.499932    0.016006    0.010206    0.000733    0.003333    1.007696    10.915926  
[37m[36mINFO[0m[0m 06/18 14:10:11 | 0.834222    0.850427    0.000000    0.968909    0.145253    0.953545    0.834222    0.850427    0.985030    0.968153    2200        52.694611   7.201413    0.014769    7.175057    0.014769    1.000000    1.000000    3.354174    3.354174    3.837433    0.019214    0.071422    0.500242    0.499757    0.021996    0.014956    0.000738    0.004300    1.008287    10.904922  
[37m[36mINFO[0m[0m 06/18 14:12:05 | 0.735075    0.792735    0.000000    0.950375    0.218729    0.941320    0.735075    0.792735    0.976048    0.933758    2300        55.089820   7.226130    0.020586    7.194459    0.020586    1.000000    1.000000    3.367811    3.367811    3.838151    0.024130    0.075411    0.500459    0.499536    0.026885    0.019919    0.000728    0.004734    1.013206    11.011925  
[37m[36mINFO[0m[0m 06/18 14:13:59 | 0.748401    0.779915    0.000000    0.944293    0.284143    0.919315    0.748401    0.779915    0.967066    0.946497    2400        57.485030   7.221809    0.022853    7.188566    0.022853    1.000000    1.000000    3.367268    3.367268    3.830130    0.025762    0.074818    0.500456    0.499528    0.028162    0.021893    0.000734    0.004599    1.006547    11.188899  
[37m[36mINFO[0m[0m 06/18 14:15:53 | 0.818763    0.846154    0.000000    0.966179    0.177109    0.955990    0.818763    0.846154    0.982036    0.960510    2500        59.880240   7.182704    0.012896    7.159755    0.012896    1.000000    1.000000    3.350960    3.350960    3.828332    0.016681    0.062682    0.500045    0.499944    0.018985    0.012920    0.000729    0.003521    1.012947    10.946103  
[37m[36mINFO[0m[0m 06/18 14:17:47 | 0.835288    0.835470    0.000000    0.959512    0.204237    0.955990    0.835288    0.835470    0.976048    0.946497    2600        62.275449   7.166347    0.012259    7.145332    0.012259    1.000000    1.000000    3.346694    3.346694    3.819637    0.015382    0.056328    0.500067    0.499913    0.017323    0.011985    0.000728    0.003157    1.005376    10.846543  
[37m[36mINFO[0m[0m 06/18 14:19:41 | 0.834222    0.839744    0.000000    0.968831    0.150382    0.968215    0.834222    0.839744    0.979042    0.959236    2700        64.670659   7.159385    0.009934    7.141170    0.009934    1.000000    1.000000    3.341312    3.341312    3.823479    0.013327    0.048885    0.499981    0.500018    0.015008    0.010188    0.000729    0.002696    1.012920    10.760852  
[37m[36mINFO[0m[0m 06/18 14:21:34 | 0.825693    0.833333    0.000000    0.970861    0.133709    0.965770    0.825693    0.833333    0.985030    0.961783    2800        67.065868   7.113852    0.001336    7.106391    0.001336    1.000000    1.000000    3.327790    3.327790    3.811880    0.004143    0.033185    0.499912    0.500088    0.005050    0.001783    0.000727    0.001628    1.010521    10.560478  
[37m[36mINFO[0m[0m 06/18 14:23:28 | 0.843817    0.856838    0.000000    0.965630    0.209396    0.963325    0.843817    0.856838    0.973054    0.960510    2900        69.461078   7.132918    0.007808    7.117944    0.007808    1.000000    1.000000    3.342022    3.342022    3.803743    0.010593    0.043804    0.500166    0.499833    0.011990    0.007750    0.000723    0.002269    1.011373    10.820196  
[37m[36mINFO[0m[0m 06/18 14:25:21 | 0.836887    0.858974    0.000000    0.952235    0.232613    0.938875    0.836887    0.858974    0.970060    0.947771    3000        71.856287   7.137902    0.008303    7.122917    0.008303    1.000000    1.000000    3.345445    3.345445    3.805236    0.010918    0.040668    0.500228    0.499771    0.012184    0.008217    0.000717    0.002238    1.001704    10.957917  
[37m[36mINFO[0m[0m 06/18 14:27:16 | 0.737207    0.747863    0.000000    0.948609    0.285749    0.933985    0.737207    0.747863    0.964072    0.947771    3100        74.251497   7.208813    0.025751    7.172914    0.025751    1.000000    1.000000    3.370622    3.370622    3.812409    0.028233    0.076658    0.500614    0.499324    0.030690    0.024348    0.000714    0.004242    1.015383    10.833595  
[37m[36mINFO[0m[0m 06/18 14:29:08 | 0.808102    0.820513    0.000000    0.950044    0.247611    0.943765    0.808102    0.820513    0.970060    0.936306    3200        76.646707   7.129461    0.007753    7.114864    0.007753    1.000000    1.000000    3.341674    3.341674    3.801366    0.010521    0.040757    0.499959    0.500037    0.011674    0.007939    0.000714    0.002062    0.992985    10.912609  
[37m[36mINFO[0m[0m 06/18 14:31:02 | 0.835288    0.858974    0.000000    0.955874    0.268315    0.941320    0.835288    0.858974    0.967066    0.959236    3300        79.041916   7.125157    0.007695    7.110311    0.007695    1.000000    1.000000    3.341009    3.341009    3.797952    0.010570    0.042763    0.499914    0.500019    0.011667    0.008054    0.000709    0.002150    1.011452    10.785018  
[37m[36mINFO[0m[0m 06/18 14:32:56 | 0.802239    0.818376    0.000000    0.951718    0.256407    0.936430    0.802239    0.818376    0.976048    0.942675    3400        81.437126   7.123166    0.011637    7.104588    0.011637    1.000000    1.000000    3.344498    3.344498    3.785957    0.013720    0.048574    0.500326    0.499669    0.014855    0.011174    0.000706    0.002567    1.011058    10.909989  
[37m[36mINFO[0m[0m 06/18 14:32:56 | SWAD valley is dead -> early stop !
[37m[36mINFO[0m[0m 06/18 14:32:56 | ---
[37m[33mWARNING[0m[0m 06/18 14:32:56 | Evaluate SWAD ...
[37m[36mINFO[0m[0m 06/18 14:33:07 | 0.844883    0.844017    0.000000    0.975188    0.101758    0.970660    0.844883    0.844017    0.988024    0.966879    [201-2800]  (N=26)
[37m[36mINFO[0m[0m 06/18 14:33:07 | oracle = 83.156%
[37m[36mINFO[0m[0m 06/18 14:33:07 | iid = 82.569%
[37m[36mINFO[0m[0m 06/18 14:33:07 | last = 80.224%
[37m[36mINFO[0m[0m 06/18 14:33:07 | last (inD) = 95.172%
[37m[36mINFO[0m[0m 06/18 14:33:07 | iid (inD) = 97.086%
[37m[36mINFO[0m[0m 06/18 14:33:07 | SWAD = 84.488%
[37m[36mINFO[0m[0m 06/18 14:33:07 | SWAD (inD) = 97.519%
[37m[36mINFO[0m[0m 06/18 14:33:07 | 
[37m[36mINFO[0m[0m 06/18 14:33:12 | Testenv name escaping te_photo -> te_photo
[37m[36mINFO[0m[0m 06/18 14:33:12 | Test envs = [2], name = te_photo
[37m[36mINFO[0m[0m 06/18 14:33:12 | Batch sizes for each domain: [32, 32, 0, 32] (total=96)
[37m[36mINFO[0m[0m 06/18 14:33:12 | steps-per-epoch for each domain: 51.22, 58.62, 98.25 -> min = 51.22
[37m[36mINFO[0m[0m 06/18 14:33:14 | # of params = 149875669
[37m[36mINFO[0m[0m 06/18 14:33:26 | test_in     test_out    train_in    train_out   tr_outloss  env0_out    env1_out    env2_in     env2_out    env3_out    step        epoch       loss        ce_loss     L_dccl_ori  DCCL_CE     use_cirl_o  cirl_use_a  sup_cl_los  DCCL_contr  pre_cl_los  L_cirl_off  L_adaptive  alpha_d_me  alpha_c_me  cirl_loss_  cirl_loss_  cirl_loss_  cirl_maske  step_time   eval_time  
[37m[36mINFO[0m[0m 06/18 14:33:26 | 0.127994    0.149701    0.000000    0.199413    1.913729    0.188264    0.232906    0.127994    0.149701    0.177070    0           0.000000    14.415380   1.997047    12.463148   1.997047    1.000000    1.000000    5.349091    5.349091    5.142567    1.945676    0.065556    0.500629    0.499355    1.930972    1.959813    0.000284    0.009904    1.002641    10.946089  
[37m[36mINFO[0m[0m 06/18 14:35:20 | 0.971557    0.967066    0.000000    0.944566    0.167349    0.941320    0.970085    0.971557    0.967066    0.922293    100         1.952410    9.821722    0.416240    9.266202    0.416240    1.000000    1.000000    4.004528    4.004528    4.783417    0.518124    0.373969    0.503183    0.496813    0.579892    0.455216    0.000569    0.073304    1.016228    10.580998  
[37m[36mINFO[0m[0m 06/18 14:37:14 | 0.973802    0.970060    0.000000    0.950888    0.159302    0.953545    0.961538    0.973802    0.970060    0.937580    200         3.904820    8.459948    0.126865    8.268464    0.126865    1.000000    1.000000    3.603916    3.603916    4.505859    0.160188    0.312961    0.497037    0.502961    0.186447    0.132604    0.000662    0.032822    1.008824    10.502379  
[37m[36mINFO[0m[0m 06/18 14:39:07 | 0.972305    0.940120    0.000000    0.958524    0.146814    0.965770    0.972222    0.972305    0.940120    0.937580    300         5.857230    8.141547    0.072093    8.020228    0.072093    1.000000    1.000000    3.523387    3.523387    4.406987    0.097412    0.239063    0.498380    0.501537    0.116570    0.076887    0.000684    0.023697    1.001757    10.495017  
[37m[36mINFO[0m[0m 06/18 14:41:01 | 0.973054    0.946108    0.000000    0.948525    0.167498    0.941320    0.967949    0.973054    0.946108    0.936306    400         7.809640    7.956458    0.059599    7.857544    0.059599    1.000000    1.000000    3.471942    3.471942    4.318642    0.077803    0.211110    0.499337    0.500661    0.092698    0.061522    0.000694    0.018939    1.009675    10.538435  
[37m[36mINFO[0m[0m 06/18 14:42:54 | 0.973054    0.958084    0.000000    0.958223    0.163238    0.955990    0.965812    0.973054    0.958084    0.952866    500         9.762050    7.801635    0.035882    7.730517    0.035882    1.000000    1.000000    3.425987    3.425987    4.266581    0.053413    0.177058    0.498930    0.501069    0.065977    0.039436    0.000706    0.014821    1.008059    10.426988  
[37m[36mINFO[0m[0m 06/18 14:44:48 | 0.976796    0.961078    0.000000    0.953922    0.142690    0.931540    0.978632    0.976796    0.961078    0.951592    600         11.714460   7.817059    0.048176    7.736825    0.048176    1.000000    1.000000    3.439769    3.439769    4.252065    0.062403    0.178317    0.499920    0.500062    0.073504    0.049875    0.000713    0.014673    1.012549    10.252052  
[37m[36mINFO[0m[0m 06/18 14:46:42 | 0.962575    0.946108    0.000000    0.957469    0.155507    0.941320    0.980769    0.962575    0.946108    0.950318    700         13.666870   7.704250    0.029467    7.647497    0.029467    1.000000    1.000000    3.413644    3.413644    4.211305    0.041985    0.147679    0.499803    0.500195    0.051367    0.031181    0.000711    0.011702    1.014007    10.344682  
[37m[36mINFO[0m[0m 06/18 14:48:36 | 0.971557    0.952096    0.000000    0.961188    0.154320    0.958435    0.978632    0.971557    0.952096    0.946497    800         15.619280   7.752346    0.049622    7.677108    0.049622    1.000000    1.000000    3.438785    3.438785    4.198408    0.059611    0.156266    0.500029    0.499955    0.068256    0.049534    0.000716    0.012086    1.016735    10.429923  
[37m[36mINFO[0m[0m 06/18 14:50:30 | 0.960329    0.955090    0.000000    0.950970    0.198862    0.929095    0.972222    0.960329    0.955090    0.951592    900         17.571690   7.596627    0.017663    7.556297    0.017663    1.000000    1.000000    3.391743    3.391743    4.157967    0.028234    0.120954    0.499512    0.500487    0.035325    0.019697    0.000723    0.008450    1.013674    10.384682  
[37m[36mINFO[0m[0m 06/18 14:52:23 | 0.976796    0.973054    0.000000    0.961085    0.164603    0.955990    0.980769    0.976796    0.973054    0.946497    1000        19.524100   7.552411    0.012063    7.521918    0.012063    1.000000    1.000000    3.378617    3.378617    4.145481    0.020881    0.096109    0.499698    0.500301    0.026506    0.013797    0.000730    0.006809    1.006871    10.511307  
[37m[36mINFO[0m[0m 06/18 14:54:17 | 0.971557    0.958084    0.000000    0.956387    0.174235    0.946210    0.970085    0.971557    0.958084    0.952866    1100        21.476510   7.508475    0.009048    7.482644    0.009048    1.000000    1.000000    3.369098    3.369098    4.120860    0.017306    0.085258    0.499648    0.500351    0.022536    0.010622    0.000727    0.005861    1.012090    10.667120  
[37m[36mINFO[0m[0m 06/18 14:56:11 | 0.978293    0.970060    0.000000    0.960003    0.176869    0.951100    0.972222    0.978293    0.970060    0.956688    1200        23.428920   7.504088    0.011525    7.477099    0.011525    1.000000    1.000000    3.372004    3.372004    4.111824    0.018751    0.082379    0.499824    0.500175    0.023484    0.012552    0.000734    0.005698    1.014110    10.578746  
[37m[36mINFO[0m[0m 06/18 14:58:05 | 0.969311    0.946108    0.000000    0.955285    0.226877    0.943765    0.967949    0.969311    0.946108    0.954140    1300        25.381330   7.530895    0.022344    7.492693    0.022344    1.000000    1.000000    3.393063    3.393063    4.096288    0.029281    0.089217    0.499950    0.500034    0.034161    0.022950    0.000726    0.006143    1.008533    10.832176  
[37m[36mINFO[0m[0m 06/18 14:59:57 | 0.966317    0.952096    0.000000    0.944532    0.232960    0.933985    0.972222    0.966317    0.952096    0.927389    1400        27.333740   7.511115    0.022564    7.472635    0.022564    1.000000    1.000000    3.385586    3.385586    4.085528    0.028946    0.095335    0.499995    0.499994    0.033783    0.022663    0.000723    0.006209    1.000090    10.688110  
[37m[36mINFO[0m[0m 06/18 15:01:52 | 0.966317    0.952096    0.000000    0.943553    0.255189    0.921760    0.963675    0.966317    0.952096    0.945223    1500        29.286150   7.574595    0.042069    7.516084    0.042069    1.000000    1.000000    3.415290    3.415290    4.081113    0.046901    0.116101    0.500477    0.499491    0.051870    0.040481    0.000726    0.007931    1.018009    10.582543  
[37m[36mINFO[0m[0m 06/18 15:03:46 | 0.974551    0.952096    0.000000    0.951751    0.206963    0.953545    0.967949    0.974551    0.952096    0.933758    1600        31.238560   7.478161    0.018103    7.445405    0.018103    1.000000    1.000000    3.386056    3.386056    4.064081    0.024082    0.086747    0.499863    0.500125    0.028095    0.018606    0.000731    0.005568    1.013513    10.329816  
[37m[36mINFO[0m[0m 06/18 15:05:40 | 0.969311    0.946108    0.000000    0.946505    0.241190    0.924205    0.970085    0.969311    0.946108    0.945223    1700        33.190970   7.447682    0.016272    7.416830    0.016272    1.000000    1.000000    3.373523    3.373523    4.051342    0.022476    0.083761    0.499858    0.500141    0.026773    0.016715    0.000732    0.005206    1.013720    10.611142  
[37m[36mINFO[0m[0m 06/18 15:07:34 | 0.967066    0.940120    0.000000    0.942560    0.234939    0.929095    0.944444    0.967066    0.940120    0.954140    1800        35.143380   7.479437    0.024015    7.442730    0.024015    1.000000    1.000000    3.387525    3.387525    4.056565    0.028071    0.086359    0.500501    0.499497    0.031571    0.023119    0.000726    0.005668    1.018302    10.726194  
[37m[36mINFO[0m[0m 06/18 15:07:34 | SWAD valley is dead -> early stop !
[37m[36mINFO[0m[0m 06/18 15:07:34 | ---
[37m[33mWARNING[0m[0m 06/18 15:07:34 | Evaluate SWAD ...
[37m[36mINFO[0m[0m 06/18 15:07:45 | 0.984281    0.973054    0.000000    0.973584    0.104899    0.973105    0.980769    0.984281    0.973054    0.966879    [101-1200]  (N=12)
[37m[36mINFO[0m[0m 06/18 15:07:45 | oracle = 97.680%
[37m[36mINFO[0m[0m 06/18 15:07:45 | iid = 97.156%
[37m[36mINFO[0m[0m 06/18 15:07:45 | last = 96.707%
[37m[36mINFO[0m[0m 06/18 15:07:45 | last (inD) = 94.256%
[37m[36mINFO[0m[0m 06/18 15:07:45 | iid (inD) = 96.119%
[37m[36mINFO[0m[0m 06/18 15:07:45 | SWAD = 98.428%
[37m[36mINFO[0m[0m 06/18 15:07:45 | SWAD (inD) = 97.358%
[37m[36mINFO[0m[0m 06/18 15:07:45 | 
[37m[36mINFO[0m[0m 06/18 15:07:50 | Testenv name escaping te_sketch -> te_sketch
[37m[36mINFO[0m[0m 06/18 15:07:50 | Test envs = [3], name = te_sketch
[37m[36mINFO[0m[0m 06/18 15:07:50 | Batch sizes for each domain: [32, 32, 32, 0] (total=96)
[37m[36mINFO[0m[0m 06/18 15:07:50 | steps-per-epoch for each domain: 51.22, 58.62, 41.75 -> min = 41.75
[37m[36mINFO[0m[0m 06/18 15:07:52 | # of params = 149875669
[37m[36mINFO[0m[0m 06/18 15:08:06 | test_in     test_out    train_in    train_out   tr_outloss  env0_out    env1_out    env2_out    env3_in     env3_out    step        epoch       loss        ce_loss     L_dccl_ori  DCCL_CE     use_cirl_o  cirl_use_a  sup_cl_los  DCCL_contr  pre_cl_los  L_cirl_off  L_adaptive  alpha_d_me  alpha_c_me  cirl_loss_  cirl_loss_  cirl_loss_  cirl_maske  step_time   eval_time  
[37m[36mINFO[0m[0m 06/18 15:08:06 | 0.193384    0.182166    0.000000    0.296955    1.873747    0.281174    0.271368    0.338323    0.193384    0.182166    0           0.000000    14.001723   1.924490    12.065213   1.924490    1.000000    1.000000    5.106608    5.106608    5.057815    1.930515    0.059947    0.520414    0.479570    1.915982    1.944574    0.000237    0.052733    0.992570    12.966598  
[37m[36mINFO[0m[0m 06/18 15:10:03 | 0.713422    0.729936    0.000000    0.954509    0.125756    0.941320    0.940171    0.982036    0.713422    0.729936    100         2.395210    9.076460    0.274729    8.678052    0.274729    1.000000    1.000000    3.795909    3.795909    4.548222    0.367227    0.311816    0.503381    0.496615    0.428592    0.304638    0.000612    0.072346    1.018779    12.675876  
[37m[36mINFO[0m[0m 06/18 15:11:59 | 0.727099    0.726115    0.000000    0.966133    0.102903    0.953545    0.965812    0.979042    0.727099    0.726115    200         4.790419    8.024367    0.073832    7.895097    0.073832    1.000000    1.000000    3.514951    3.514951    4.285139    0.103661    0.256092    0.498296    0.501684    0.127432    0.078533    0.000679    0.028144    1.015860    12.516403  
[37m[36mINFO[0m[0m 06/18 15:15:52 | 0.743957    0.747771    0.000000    0.964179    0.119741    0.951100    0.959402    0.982036    0.743957    0.747771    400         9.580838    7.677143    0.043632    7.601493    0.043632    1.000000    1.000000    3.446014    3.446014    4.109519    0.059012    0.166379    0.499169    0.500829    0.070993    0.045619    0.000706    0.015470    1.016781    12.585464  
[37m[36mINFO[0m[0m 06/18 15:17:48 | 0.721692    0.723567    0.000000    0.974421    0.092442    0.960880    0.974359    0.988024    0.721692    0.723567    500         11.976048   7.503210    0.018172    7.458002    0.018172    1.000000    1.000000    3.396966    3.396966    4.047645    0.032083    0.131256    0.499306    0.500693    0.041744    0.021006    0.000708    0.010944    1.010964    12.895783  
[37m[36mINFO[0m[0m 06/18 15:19:44 | 0.735051    0.749045    0.000000    0.966030    0.151410    0.951100    0.967949    0.979042    0.735051    0.749045    600         14.371257   7.476069    0.018010    7.435089    0.018010    1.000000    1.000000    3.399382    3.399382    4.025352    0.029622    0.113583    0.499516    0.500484    0.037462    0.020355    0.000713    0.009304    1.012142    12.482168  
[37m[36mINFO[0m[0m 06/18 15:21:40 | 0.692748    0.699363    0.000000    0.966926    0.127115    0.948655    0.970085    0.982036    0.692748    0.699363    700         16.766467   7.432540    0.016743    7.395526    0.016743    1.000000    1.000000    3.395413    3.395413    3.995075    0.026451    0.105632    0.499835    0.500163    0.033060    0.018395    0.000723    0.007920    1.015071    12.440159  
[37m[36mINFO[0m[0m 06/18 15:23:36 | 0.761450    0.761783    0.000000    0.968578    0.111756    0.960880    0.965812    0.979042    0.761450    0.761783    800         19.161677   7.407656    0.019794    7.369342    0.019794    1.000000    1.000000    3.397389    3.397389    3.966508    0.028238    0.100757    0.499986    0.500013    0.034118    0.020929    0.000715    0.007507    1.015651    12.528092  
[37m[36mINFO[0m[0m 06/18 15:25:31 | 0.818384    0.815287    0.000000    0.967703    0.116259    0.953545    0.961538    0.988024    0.818384    0.815287    900         21.556886   7.357076    0.013378    7.326156    0.013378    1.000000    1.000000    3.389696    3.389696    3.939330    0.021566    0.093539    0.499767    0.500232    0.026865    0.014820    0.000724    0.006359    1.003349    12.062187  
[37m[36mINFO[0m[0m 06/18 15:27:27 | 0.800573    0.812739    0.000000    0.977418    0.089006    0.977995    0.972222    0.982036    0.800573    0.812739    1000        23.952096   7.310758    0.007304    7.288528    0.007304    1.000000    1.000000    3.372127    3.372127    3.927313    0.014779    0.074513    0.499619    0.500380    0.019116    0.008986    0.000728    0.005164    1.018674    12.337682  
[37m[36mINFO[0m[0m 06/18 15:29:23 | 0.764313    0.771975    0.000000    0.966647    0.126096    0.965770    0.955128    0.979042    0.764313    0.771975    1100        26.347305   7.304597    0.009369    7.281592    0.009369    1.000000    1.000000    3.380514    3.380514    3.911753    0.016292    0.067124    0.499735    0.500264    0.020330    0.010802    0.000726    0.004569    1.013176    12.346350  
[37m[36mINFO[0m[0m 06/18 15:31:19 | 0.765267    0.761783    0.000000    0.962404    0.149860    0.946210    0.967949    0.973054    0.765267    0.761783    1200        28.742515   7.284994    0.012331    7.260265    0.012331    1.000000    1.000000    3.383323    3.383323    3.886444    0.018056    0.066737    0.500038    0.499961    0.021614    0.013032    0.000733    0.004357    1.014093    12.357365  
[37m[36mINFO[0m[0m 06/18 15:33:14 | 0.790394    0.787261    0.000000    0.965215    0.132500    0.948655    0.967949    0.979042    0.790394    0.787261    1300        31.137725   7.263187    0.011380    7.238901    0.011380    1.000000    1.000000    3.378938    3.378938    3.871532    0.017045    0.072414    0.500092    0.499907    0.020777    0.011865    0.000724    0.004552    1.013432    12.365789  
[37m[36mINFO[0m[0m 06/18 15:35:10 | 0.741730    0.740127    0.000000    0.971816    0.127294    0.963325    0.970085    0.982036    0.741730    0.740127    1400        33.532934   7.204528    0.005102    7.189039    0.005102    1.000000    1.000000    3.357393    3.357393    3.851125    0.009918    0.055713    0.499867    0.500117    0.012571    0.005818    0.000724    0.003272    1.008610    12.800475  
[37m[36mINFO[0m[0m 06/18 15:37:06 | 0.761768    0.764331    0.000000    0.958146    0.154462    0.936430    0.967949    0.970060    0.761768    0.764331    1500        35.928144   7.255722    0.015888    7.228221    0.015888    1.000000    1.000000    3.380261    3.380261    3.856799    0.020757    0.067441    0.500041    0.499958    0.023969    0.016103    0.000721    0.004476    1.010539    12.621441  
[37m[36mINFO[0m[0m 06/18 15:39:02 | 0.784669    0.765605    0.000000    0.956806    0.196470    0.931540    0.950855    0.988024    0.784669    0.765605    1600        38.323353   7.272537    0.023140    7.235680    0.023140    1.000000    1.000000    3.388209    3.388209    3.850643    0.028172    0.086846    0.500048    0.499865    0.031890    0.023014    0.000720    0.005442    1.015541    12.554361  
[37m[36mINFO[0m[0m 06/18 15:40:57 | 0.747137    0.737580    0.000000    0.949066    0.262629    0.933985    0.955128    0.958084    0.747137    0.737580    1700        40.718563   7.329285    0.036673    7.281441    0.036673    1.000000    1.000000    3.412719    3.412719    3.857737    0.038348    0.094961    0.500692    0.499166    0.041445    0.033791    0.000730    0.005828    1.007968    12.479065  
[37m[36mINFO[0m[0m 06/18 15:42:53 | 0.775763    0.791083    0.000000    0.963300    0.169342    0.943765    0.970085    0.976048    0.775763    0.791083    1800        43.113772   7.235675    0.015297    7.207250    0.015297    1.000000    1.000000    3.376292    3.376292    3.843020    0.020376    0.080493    0.500038    0.499961    0.023751    0.015549    0.000726    0.004582    1.015464    12.527336  
[37m[36mINFO[0m[0m 06/18 15:44:49 | 0.743003    0.727389    0.000000    0.958191    0.161942    0.951100    0.959402    0.964072    0.743003    0.727389    1900        45.508982   7.247463    0.017559    7.219014    0.017559    1.000000    1.000000    3.386426    3.386426    3.843073    0.021549    0.069003    0.499985    0.500006    0.024178    0.017468    0.000726    0.004159    1.011864    12.578232  
[37m[36mINFO[0m[0m 06/18 15:46:45 | 0.756361    0.766879    0.000000    0.958805    0.228106    0.948655    0.948718    0.979042    0.756361    0.766879    2000        47.904192   7.184152    0.011643    7.162516    0.011643    1.000000    1.000000    3.369341    3.369341    3.811373    0.015414    0.062224    0.500076    0.499921    0.017676    0.011702    0.000726    0.003587    1.016691    12.175600  
[37m[36mINFO[0m[0m 06/18 15:48:41 | 0.791349    0.787261    0.000000    0.967249    0.133851    0.946210    0.976496    0.979042    0.791349    0.787261    2100        50.299401   7.143626    0.004430    7.131361    0.004430    1.000000    1.000000    3.358172    3.358172    3.798579    0.008263    0.040025    0.499729    0.500271    0.009938    0.005140    0.000724    0.002302    1.009101    12.309141  
[37m[36mINFO[0m[0m 06/18 15:50:36 | 0.785305    0.782166    0.000000    0.969900    0.141701    0.958435    0.972222    0.979042    0.785305    0.782166    2200        52.694611   7.135567    0.004015    7.124127    0.004015    1.000000    1.000000    3.350518    3.350518    3.801180    0.007221    0.042190    0.499975    0.500021    0.008872    0.004139    0.000715    0.002302    1.011336    12.196201  
[37m[36mINFO[0m[0m 06/18 15:52:32 | 0.794847    0.768153    0.000000    0.949211    0.231812    0.933985    0.946581    0.967066    0.794847    0.768153    2300        55.089820   7.164080    0.010177    7.146530    0.010177    1.000000    1.000000    3.361826    3.361826    3.806631    0.012838    0.047120    0.500260    0.499733    0.014359    0.009890    0.000714    0.002751    1.011757    12.387915  
[37m[36mINFO[0m[0m 06/18 15:54:27 | 0.802481    0.785987    0.000000    0.973709    0.130838    0.960880    0.972222    0.988024    0.802481    0.785987    2400        57.485030   7.166533    0.012430    7.145378    0.012430    1.000000    1.000000    3.367898    3.367898    3.797599    0.015615    0.055397    0.500087    0.499909    0.017638    0.012166    0.000713    0.003208    1.011837    12.413625  
[37m[36mINFO[0m[0m 06/18 15:56:23 | 0.747137    0.732484    0.000000    0.961978    0.181158    0.946210    0.963675    0.976048    0.747137    0.732484    2500        59.880240   7.128925    0.002488    7.119985    0.002488    1.000000    1.000000    3.359095    3.359095    3.791260    0.005516    0.034248    0.499930    0.500069    0.006630    0.002963    0.000719    0.001707    1.017995    12.492108  
[37m[36mINFO[0m[0m 06/18 15:58:19 | 0.796756    0.801274    0.000000    0.971979    0.141275    0.970660    0.972222    0.973054    0.796756    0.801274    2600        62.275449   7.122043    0.005272    7.109708    0.005272    1.000000    1.000000    3.355334    3.355334    3.782879    0.008486    0.038484    0.499897    0.500102    0.009901    0.005643    0.000714    0.002092    1.014972    12.315586  
[37m[36mINFO[0m[0m 06/18 16:00:16 | 0.797710    0.807643    0.000000    0.974158    0.111587    0.968215    0.972222    0.982036    0.797710    0.807643    2700        64.670659   7.090602    0.000639    7.085058    0.000639    1.000000    1.000000    3.340635    3.340635    3.778228    0.003058    0.024862    0.499920    0.500080    0.003622    0.001071    0.000712    0.001254    1.016117    12.532029  
[37m[36mINFO[0m[0m 06/18 16:02:11 | 0.745229    0.745223    0.000000    0.964137    0.130745    0.953545    0.965812    0.973054    0.745229    0.745223    2800        67.065868   7.100510    0.001821    7.093258    0.001821    1.000000    1.000000    3.348984    3.348984    3.777736    0.004552    0.026992    0.499876    0.500123    0.005349    0.002340    0.000708    0.001420    1.014429    12.431321  
[37m[36mINFO[0m[0m 06/18 16:04:07 | 0.764631    0.760510    0.000000    0.959738    0.216624    0.943765    0.959402    0.976048    0.764631    0.760510    2900        69.461078   7.162702    0.012673    7.142790    0.012673    1.000000    1.000000    3.379964    3.379964    3.784904    0.015677    0.042351    0.500196    0.499803    0.017370    0.012553    0.000715    0.002571    1.013388    12.425462  
[37m[36mINFO[0m[0m 06/18 16:06:02 | 0.711832    0.699363    0.000000    0.962038    0.197284    0.951100    0.967949    0.967066    0.711832    0.699363    3000        71.856287   7.185483    0.021094    7.156983    0.021094    1.000000    1.000000    3.384854    3.384854    3.785881    0.022845    0.056552    0.500473    0.499514    0.024462    0.019806    0.000711    0.003209    1.005917    12.501072  
[37m[36mINFO[0m[0m 06/18 16:07:57 | 0.676845    0.672611    0.000000    0.959982    0.169758    0.946210    0.963675    0.970060    0.676845    0.672611    3100        74.251497   7.167889    0.016908    7.142408    0.016908    1.000000    1.000000    3.378836    3.378836    3.782073    0.019049    0.064321    0.500171    0.499708    0.020740    0.015936    0.000711    0.003468    1.003755    12.440968  
[37m[36mINFO[0m[0m 06/18 16:09:53 | 0.770356    0.766879    0.000000    0.966720    0.159056    0.943765    0.974359    0.982036    0.770356    0.766879    3200        76.646707   7.170907    0.017498    7.145547    0.017498    1.000000    1.000000    3.383985    3.383985    3.779381    0.019795    0.055658    0.500378    0.499614    0.021359    0.016795    0.000718    0.003149    1.013007    12.212832  
[37m[36mINFO[0m[0m 06/18 16:11:48 | 0.810751    0.791083    0.000000    0.971389    0.118047    0.963325    0.965812    0.985030    0.810751    0.791083    3300        79.041916   7.090507    0.003517    7.082067    0.003517    1.000000    1.000000    3.353059    3.353059    3.761666    0.005587    0.028533    0.499928    0.500064    0.006213    0.003553    0.000704    0.001274    1.012840    12.319087  
[37m[36mINFO[0m[0m 06/18 16:13:44 | 0.792621    0.791083    0.000000    0.968520    0.166889    0.973105    0.959402    0.973054    0.792621    0.791083    3400        81.437126   7.108651    0.006021    7.097050    0.006021    1.000000    1.000000    3.363613    3.363613    3.764152    0.008381    0.032196    0.500056    0.499943    0.009312    0.006041    0.000704    0.001767    1.010345    12.407201  
[37m[36mINFO[0m[0m 06/18 16:15:39 | 0.780534    0.779618    0.000000    0.967359    0.136237    0.965770    0.957265    0.979042    0.780534    0.779618    3500        83.832335   7.065813    0.001514    7.059064    0.001514    1.000000    1.000000    3.347117    3.347117    3.747782    0.004180    0.025683    0.499887    0.500113    0.004925    0.002046    0.000695    0.001283    1.009893    12.410416  
[37m[36mINFO[0m[0m 06/18 16:17:35 | 0.756997    0.755414    0.000000    0.966502    0.175544    0.965770    0.963675    0.970060    0.756997    0.755414    3600        86.227545   7.085434    0.004474    7.076253    0.004474    1.000000    1.000000    3.353040    3.353040    3.756607    0.006323    0.028575    0.500113    0.499884    0.006867    0.004395    0.000692    0.001453    1.011323    12.578394  
[37m[36mINFO[0m[0m 06/18 16:19:31 | 0.701654    0.712102    0.000000    0.960877    0.161989    0.943765    0.965812    0.973054    0.701654    0.712102    3700        88.622754   7.116455    0.015488    7.095575    0.015488    1.000000    1.000000    3.364266    3.364266    3.753634    0.016155    0.047247    0.500435    0.499498    0.016937    0.013982    0.000696    0.002238    1.013751    12.526489  
[37m[36mINFO[0m[0m 06/18 16:21:27 | 0.800573    0.803822    0.000000    0.971918    0.133283    0.965770    0.967949    0.982036    0.800573    0.803822    3800        91.017964   7.064264    0.003172    7.054840    0.003172    1.000000    1.000000    3.349428    3.349428    3.739836    0.006022    0.034025    0.499842    0.500156    0.006989    0.003626    0.000714    0.001640    1.012898    12.430463  
[37m[36mINFO[0m[0m 06/18 16:23:22 | 0.786578    0.775796    0.000000    0.949204    0.207507    0.916870    0.963675    0.967066    0.786578    0.775796    3900        93.413174   7.104967    0.009777    7.089841    0.009777    1.000000    1.000000    3.361592    3.361592    3.756781    0.011582    0.035435    0.500109    0.499886    0.012299    0.009458    0.000703    0.001987    1.009947    12.547299  
[37m[36mINFO[0m[0m 06/18 16:25:18 | 0.777672    0.792357    0.000000    0.964438    0.171588    0.943765    0.976496    0.973054    0.777672    0.792357    4000        95.808383   7.101201    0.010215    7.084469    0.010215    1.000000    1.000000    3.373047    3.373047    3.739331    0.012878    0.038533    0.500040    0.499954    0.014149    0.010192    0.000708    0.002032    1.017700    12.360490  
[37m[36mINFO[0m[0m 06/18 16:27:14 | 0.806616    0.807643    0.000000    0.964789    0.167951    0.948655    0.963675    0.982036    0.806616    0.807643    4100        98.203593   7.126125    0.015088    7.105394    0.015088    1.000000    1.000000    3.375654    3.375654    3.753056    0.016350    0.043820    0.500518    0.499481    0.017439    0.013846    0.000707    0.002260    1.014724    12.395004  
[37m[36mINFO[0m[0m 06/18 16:29:10 | 0.753817    0.755414    0.000000    0.960225    0.192057    0.948655    0.967949    0.964072    0.753817    0.755414    4200        100.598802  7.102716    0.012453    7.084480    0.012453    1.000000    1.000000    3.369512    3.369512    3.741568    0.014213    0.040230    0.500001    0.499893    0.015062    0.011962    0.000701    0.002005    1.011787    12.462549  
[37m[36mINFO[0m[0m 06/18 16:31:06 | 0.785623    0.788535    0.000000    0.967721    0.121177    0.960880    0.972222    0.970060    0.785623    0.788535    4300        102.994012  7.069823    0.007082    7.057568    0.007082    1.000000    1.000000    3.352485    3.352485    3.737218    0.008917    0.033377    0.500058    0.499919    0.009704    0.006730    0.000700    0.001713    1.014795    12.119390  
[37m[36mINFO[0m[0m 06/18 16:33:00 | 0.812341    0.825478    0.000000    0.967660    0.163069    0.955990    0.967949    0.979042    0.812341    0.825478    4400        105.389222  7.049672    0.001653    7.043814    0.001653    1.000000    1.000000    3.347904    3.347904    3.733506    0.003631    0.022266    0.499880    0.500119    0.004000    0.001862    0.000700    0.000856    1.004388    12.287466  
[37m[36mINFO[0m[0m 06/18 16:34:55 | 0.823473    0.824204    0.000000    0.969656    0.125817    0.955990    0.967949    0.985030    0.823473    0.824204    4500        107.784431  7.042636    0.000139    7.038901    0.000139    1.000000    1.000000    3.346205    3.346205    3.732781    0.001941    0.017933    0.499957    0.500043    0.002142    0.000363    0.000689    0.000805    1.006913    12.270647  
[37m[36mINFO[0m[0m 06/18 16:36:52 | 0.805662    0.801274    0.000000    0.965459    0.140214    0.951100    0.972222    0.973054    0.805662    0.801274    4600        110.179641  7.028951    0.001678    7.023382    0.001678    1.000000    1.000000    3.344904    3.344904    3.717235    0.003528    0.020413    0.500003    0.499996    0.003797    0.001872    0.000693    0.000987    1.013631    12.669510  
[37m[36mINFO[0m[0m 06/18 16:38:47 | 0.761132    0.768153    0.000000    0.954748    0.245819    0.943765    0.959402    0.961078    0.761132    0.768153    4700        112.574850  7.063228    0.004879    7.053782    0.004879    1.000000    1.000000    3.358301    3.358301    3.730867    0.006829    0.026167    0.500057    0.499942    0.007398    0.004874    0.000693    0.001323    1.010786    12.524701  
[37m[36mINFO[0m[0m 06/18 16:40:43 | 0.774809    0.759236    0.000000    0.951283    0.252332    0.929095    0.963675    0.961078    0.774809    0.759236    4800        114.970060  7.039373    0.005445    7.030157    0.005445    1.000000    1.000000    3.349260    3.349260    3.716089    0.006979    0.022380    0.500038    0.499958    0.007261    0.005329    0.000683    0.001153    1.014455    12.490885  
[37m[36mINFO[0m[0m 06/18 16:42:39 | 0.727735    0.729936    0.000000    0.942796    0.249254    0.933985    0.942308    0.952096    0.727735    0.729936    4900        117.365269  7.105199    0.016885    7.083041    0.016885    1.000000    1.000000    3.377510    3.377510    3.728827    0.017602    0.045563    0.500626    0.499371    0.018418    0.015411    0.000688    0.002273    1.011573    12.555170  
[37m[36mINFO[0m[0m 06/18 16:44:34 | 0.746501    0.775796    0.000000    0.947744    0.310167    0.936430    0.948718    0.958084    0.746501    0.775796    5000        119.760479  7.133677    0.023647    7.104041    0.023647    1.000000    1.000000    3.385421    3.385421    3.734552    0.024108    0.055274    0.500590    0.499382    0.025192    0.021642    0.000692    0.002973    1.009597    12.483704  
[37m[36mINFO[0m[0m 06/18 16:44:35 | ---
[37m[33mWARNING[0m[0m 06/18 16:44:35 | Evaluate SWAD ...
[37m[36mINFO[0m[0m 06/18 16:44:47 | 0.826018    0.824204    0.000000    0.983158    0.086602    0.975550    0.982906    0.991018    0.826018    0.824204    [101-4600]  (N=45)
[37m[36mINFO[0m[0m 06/18 16:44:47 | oracle = 81.234%
[37m[36mINFO[0m[0m 06/18 16:44:47 | iid = 80.057%
[37m[36mINFO[0m[0m 06/18 16:44:47 | last = 74.650%
[37m[36mINFO[0m[0m 06/18 16:44:47 | last (inD) = 94.774%
[37m[36mINFO[0m[0m 06/18 16:44:47 | iid (inD) = 97.742%
[37m[36mINFO[0m[0m 06/18 16:44:47 | SWAD = 82.602%
[37m[36mINFO[0m[0m 06/18 16:44:47 | SWAD (inD) = 98.316%
[37m[36mINFO[0m[0m 06/18 16:44:48 | === Summary ===
[37m[36mINFO[0m[0m 06/18 16:44:48 | Command: train_all.py pacs_dccl_cirl_akl --dataset PACS --algorithm DCCL --data_dir /home/hooasia/lgg/data/repro_dccl_data --seed 0 --trial_seed 0 --checkpoint_freq 100 --use_cirl_official --cirl_use_adaptive_kl --cirl_weight 1.0 --cirl_kl_weight 0.1 --cirl_kl_temperature 2.0
[37m[36mINFO[0m[0m 06/18 16:44:48 | Unique name: 260618_11-50-49_pacs_dccl_cirl_akl
[37m[36mINFO[0m[0m 06/18 16:44:48 | Out path: train_output/PACS/260618_11-50-49_pacs_dccl_cirl_akl
[37m[36mINFO[0m[0m 06/18 16:44:48 | Algorithm: DCCL
[37m[36mINFO[0m[0m 06/18 16:44:48 | Dataset: PACS
+------------+---------+---------+---------+---------+---------+
| Selection  |   env0  |   env1  |   env2  |   env3  |   Avg.  |
+------------+---------+---------+---------+---------+---------+
|   oracle   | 86.760% | 83.156% | 97.680% | 81.234% | 87.207% |
|    iid     | 85.418% | 82.569% | 97.156% | 80.057% | 86.300% |
|    last    | 81.208% | 80.224% | 96.707% | 74.650% | 83.197% |
| last (inD) | 97.486% | 95.172% | 94.256% | 94.774% | 95.422% |
| iid (inD)  | 97.913% | 97.086% | 96.119% | 97.742% | 97.215% |
|    SWAD    | 90.360% | 84.488% | 98.428% | 82.602% | 88.970% |
| SWAD (inD) | 98.239% | 97.519% | 97.358% | 98.316% | 97.858% |
+------------+---------+---------+---------+---------+---------+
