[37m[36mINFO[0m[0m 07/12 13:37:01 | Command :: train_all.py pacs_piccl_seed0 --dataset PACS --algorithm PICCL --deterministic --trial_seed 0 --checkpoint_freq 100 --data_dir /home/hooasia/lgg/data/repro_dccl_data
Environment:
	Python: 3.10.20
	PyTorch: 2.5.1+cu121
	Torchvision: 0.20.1+cu121
	CUDA: 12.1
	CUDNN: 90100
	NumPy: 2.2.6
	PIL: 12.0.0
Args:
	TN: False
	algorithm: PICCL
	aug: 0
	checkpoint_freq: 100
	configs: []
	data_dir: /home/hooasia/lgg/data/repro_dccl_data
	dataset: PACS
	debug: False
	deterministic: True
	domainnet_auto_source_count: 3
	erm_baseline: weak
	evalmode: fast
	holdout_fraction: 0.2
	l: 1
	l_d: 0.05
	l_layer: 1
	label_ratio: 1.0
	lamda: 5
	log: False
	mix: 0
	model: resnet50
	model_save: None
	n_layer: 1
	name: pacs_piccl_seed0
	out_dir: train_output/PACS/260712_13-37-00_pacs_piccl_seed0
	out_root: train_output/PACS
	pos_mask: False
	prebuild_loader: False
	re_w: False
	sample_d: False
	seed: 0
	show: False
	source_envs: None
	start_epoch: 1000
	steps: None
	sup: True
	t: 0.1
	t_pre: 0.2
	target_env: None
	tb_freq: 10
	test_envs: None
	trial_seed: 0
	two_ce: False
	unique_name: 260712_13-37-00_pacs_piccl_seed0
	weak_erm: False
	work_dir: .
HParams:
	data_augmentation: True
	val_augment: False
	resnet18: False
	resnet_dropout: 0.0
	class_balanced: False
	optimizer: adam
	freeze_bn: True
	pretrained: True
	lr: 5e-05
	batch_size: 32
	weight_decay: 0.0
	piccl_rank: 16
	piccl_alpha_max: 0.5
	piccl_warmup_ratio: 0.1
	piccl_ramp_ratio: 0.2
	piccl_proto_momentum: 0.99
	piccl_num_interventions: 1
	piccl_ccc_weight: 1.0
	piccl_int_weight: 0.1
	piccl_ref_weight: 1.0
	piccl_isr_weight: 0.1
	piccl_orth_weight: 0.001
	piccl_inv_weight: 0.05
	piccl_eps: 1e-08
	piccl_gt_mode: replace
	piccl_basis_receive_task_grad: False
	piccl_min_valid_domains: 2
	piccl_total_steps: 1
	t: 0.1
	t_pre: 0.2
	l: 1
	l_d: 0.01
	l_layer: 1
	n_layer: 1
	sup: True
	two_ce: False
	sample_d: False
	re_w: False
	pos_mask: False
	mix: 0
	aug: 0
	model: resnet50
	label_ratio: 1.0
	TN: False
	lamda: 5
	start_epoch: 1000
	log: False
	swad: LossValley
	swad_kwargs: 
	  n_converge: 3
	  n_tolerance: 6
	  tolerance_ratio: 0.3
	test_batchsize: 128
	indomain_test: False
Dataset:
	[PACS] #envs=4, #classes=7
	env0: art_painting (#2048)
	env1: cartoon (#2344)
	env2: photo (#1670)
	env3: sketch (#3929)

[37m[36mINFO[0m[0m 07/12 13:38:30 | n_steps = 5001
[37m[36mINFO[0m[0m 07/12 13:38:30 | checkpoint_freq = 100
[37m[36mINFO[0m[0m 07/12 13:38:30 | n_steps is updated to 5001 => 5001 for checkpointing
[37m[36mINFO[0m[0m 07/12 13:38:30 | Target test envs = [[0], [1], [2], [3]]
[37m[36mINFO[0m[0m 07/12 13:38:30 | 
[37m[36mINFO[0m[0m 07/12 13:38:35 | Testenv name escaping te_art_painting -> te_art_painting
[37m[36mINFO[0m[0m 07/12 13:38:35 | Test envs = [0], name = te_art_painting
[37m[36mINFO[0m[0m 07/12 13:38:35 | Batch sizes for each domain: [0, 32, 32, 32] (total=96)
[37m[36mINFO[0m[0m 07/12 13:38:35 | steps-per-epoch for each domain: 58.62, 41.75, 98.25 -> min = 41.75
[37m[36mINFO[0m[0m 07/12 13:38:42 | # of params = 49169351
[37m[36mINFO[0m[0m 07/12 13:39:27 | test_in     test_out    train_in    train_out   tr_outloss  env0_in     env0_out    env1_out    env2_out    env3_out    step        epoch       loss        loss_cls    loss_ccc    loss_cross  loss_int    loss_ref    loss_isr    loss_orth   loss_inv    loss_gt     piccl_alph  paired_res  domain_res  valid_doma  basis_orth  response_c  raw_interv  mediator_i  ce_loss     sup_cl_los  pre_cl_los  step_time   eval_time  
[37m[36mINFO[0m[0m 07/12 13:39:27 | 0.150092    0.212714    0.000000    0.268628    1.835262    0.150092    0.212714    0.232906    0.374251    0.198726    0           0.000000    14.061256   1.977375    12.076027   6.675378    1.078412    5.400650    0.000000    0.126582    0.154544    0.000000    0.000000    0.000000    0.000000    21.000000   0.115652    0.000000    0.918931    0.845456    1.977375    6.675378    5.400650    16.598961   28.332678  
[37m[36mINFO[0m[0m 07/12 13:40:21 | 0.882245    0.858191    0.000000    0.933107    0.196140    0.882245    0.858191    0.927350    0.970060    0.901911    100         2.395210    8.379708    0.336939    7.942457    3.255623    2.120805    4.686833    0.979822    0.022427    0.046147    0.000000    0.000000    14.439443   3.352857    21.000000   0.021329    0.020609    0.973086    0.953853    0.336939    3.255623    4.686833    0.424349    10.201650  
[37m[36mINFO[0m[0m 07/12 13:41:16 | 0.857230    0.850856    0.000000    0.954270    0.138651    0.857230    0.850856    0.961538    0.970060    0.931210    200         4.790419    7.507801    0.124424    7.291951    2.875419    2.275859    4.416531    0.899544    0.017095    0.029093    0.000000    0.000000    14.927532   7.297870    21.000000   0.017456    0.101564    0.981579    0.970907    0.124424    2.875419    4.416531    0.422140    10.253488  
[37m[36mINFO[0m[0m 07/12 13:42:10 | 0.782794    0.799511    0.000000    0.935533    0.172048    0.782794    0.799511    0.940171    0.967066    0.899363    300         7.185629    7.260698    0.091823    7.087693    2.793823    2.342444    4.293870    0.798314    0.080176    0.025408    0.000000    0.000000    14.831200   9.093093    21.000000   0.080881    0.202588    0.983738    0.974592    0.091823    2.793823    4.293870    0.422235    10.539245  
[37m[36mINFO[0m[0m 07/12 13:43:04 | 0.858450    0.860636    0.000000    0.970313    0.102438    0.858450    0.860636    0.967949    0.985030    0.957962    400         9.580838    7.072422    0.057293    6.943104    2.724560    2.392340    4.218545    0.708203    0.123734    0.021618    0.000000    0.000000    15.358126   9.906915    21.000000   0.123871    0.292583    0.985868    0.978382    0.057293    2.724560    4.218545    0.422918    10.219163  
[37m[36mINFO[0m[0m 07/12 13:43:59 | 0.870653    0.867971    0.000000    0.974162    0.099917    0.870653    0.867971    0.980769    0.985030    0.956688    500         11.976048   6.989336    0.047628    6.876294    2.709605    2.420584    4.166689    0.642897    0.114795    0.020188    0.000000    0.000000    15.586327   11.318850   21.000000   0.114540    0.357754    0.986763    0.979812    0.047628    2.709605    4.166689    0.422840    10.943449  
[37m[36mINFO[0m[0m 07/12 13:44:55 | 0.820622    0.831296    0.000000    0.958950    0.159608    0.820622    0.831296    0.959402    0.976048    0.941401    600         14.371257   6.928235    0.044291    6.824552    2.689944    2.436555    4.122317    0.583292    0.084900    0.019576    0.000000    0.025250    16.112917   12.447792   21.000000   0.084596    0.417210    0.987304    0.980424    0.044291    2.689944    4.122317    0.422788    11.411103  
[37m[36mINFO[0m[0m 07/12 13:45:51 | 0.813301    0.814181    0.000000    0.960527    0.155896    0.813301    0.814181    0.972222    0.973054    0.936306    700         16.766467   6.907391    0.042964    6.809079    2.683236    2.435257    4.089203    0.542667    0.055908    0.020512    0.000000    0.075250    16.440763   12.959297   21.000000   0.055636    0.457710    0.987266    0.979488    0.042964    2.683236    4.089203    0.423432    11.632012  
[37m[36mINFO[0m[0m 07/12 13:46:46 | 0.849298    0.850856    0.000000    0.951845    0.210658    0.849298    0.850856    0.952991    0.970060    0.932484    800         19.161677   6.951943    0.058270    6.842580    2.706924    2.440642    4.074506    0.500749    0.033272    0.019702    0.000000    0.125250    17.351382   13.241192   21.000000   0.033096    0.499571    0.988322    0.980298    0.058270    2.706924    4.074506    0.422093    10.872149  
[37m[36mINFO[0m[0m 07/12 13:47:41 | 0.879805    0.894866    0.000000    0.973597    0.102877    0.879805    0.894866    0.974359    0.991018    0.955414    900         21.556886   6.838446    0.020598    6.768617    2.644756    2.423999    4.038908    0.482467    0.019374    0.019286    0.000000    0.175250    16.799300   13.757608   21.000000   0.019266    0.517773    0.989205    0.980714    0.020598    2.644756    4.038908    0.424152    10.972815  
[37m[36mINFO[0m[0m 07/12 13:48:36 | 0.831605    0.845966    0.000000    0.969879    0.117474    0.831605    0.845966    0.970085    0.979042    0.960510    1000        23.952096   6.844499    0.020328    6.775267    2.644262    2.415602    4.022182    0.478696    0.011437    0.020460    0.000000    0.225250    16.562274   14.047379   21.000000   0.011383    0.521486    0.989394    0.979540    0.020328    2.644262    4.022182    0.424795    10.808860  
[37m[36mINFO[0m[0m 07/12 13:49:32 | 0.805369    0.831296    0.000000    0.948689    0.252587    0.805369    0.831296    0.946581    0.958084    0.941401    1100        26.347305   6.828339    0.022404    6.757614    2.633234    2.385191    3.993104    0.472785    0.008125    0.020673    0.000000    0.275250    16.445149   14.831961   21.000000   0.008107    0.527374    0.990065    0.979327    0.022404    2.633234    3.993104    0.428829    11.172757  
[37m[36mINFO[0m[0m 07/12 13:50:28 | 0.849908    0.836186    0.000000    0.964768    0.142617    0.849908    0.836186    0.959402    0.982036    0.952866    1200        28.742515   6.847969    0.017073    6.782532    2.637855    2.365155    3.990877    0.472478    0.007058    0.022187    0.000000    0.325250    16.286650   15.157119   21.000000   0.007055    0.527677    0.990240    0.977813    0.017073    2.637855    3.990877    0.428955    12.067344  
[37m[36mINFO[0m[0m 07/12 13:51:25 | 0.789506    0.794621    0.000000    0.948421    0.224966    0.789506    0.794621    0.940171    0.970060    0.935032    1300        31.137725   6.858382    0.017392    6.791553    2.638828    2.306357    3.979707    0.481755    0.006526    0.025110    0.000000    0.375250    15.956155   14.019055   21.000000   0.006513    0.518387    0.989914    0.974890    0.017392    2.638828    3.979707    0.428327    12.185831  
[37m[36mINFO[0m[0m 07/12 13:52:22 | 0.844417    0.845966    0.000000    0.967321    0.153176    0.844417    0.845966    0.972222    0.973054    0.956688    1400        33.532934   6.905260    0.027762    6.828166    2.660264    2.283146    3.973751    0.478726    0.005080    0.029073    0.000000    0.425250    16.189127   13.113009   21.000000   0.005068    0.521426    0.988840    0.970927    0.027762    2.660264    3.973751    0.429091    12.074209  
[37m[36mINFO[0m[0m 07/12 13:53:19 | 0.833435    0.836186    0.000000    0.963907    0.148673    0.833435    0.836186    0.957265    0.979042    0.955414    1500        35.928144   6.928881    0.034120    6.843979    2.669418    2.236779    3.962022    0.492164    0.004022    0.031239    0.000000    0.475250    15.466634   12.658381   21.000000   0.004013    0.507983    0.989126    0.968761    0.034120    2.669418    3.962022    0.429297    11.992421  
[37m[36mINFO[0m[0m 07/12 13:54:16 | 0.851739    0.867971    0.000000    0.970317    0.129866    0.851739    0.867971    0.976496    0.979042    0.955414    1600        38.323353   6.848454    0.016252    6.779597    2.635533    2.180879    3.925976    0.510240    0.003482    0.031544    0.000000    0.500000    14.761346   12.634916   21.000000   0.003478    0.489914    0.990191    0.968456    0.016252    2.635533    3.925976    0.430425    12.275648  
[37m[36mINFO[0m[0m 07/12 13:55:13 | 0.811470    0.850856    0.000000    0.962625    0.148858    0.811470    0.850856    0.963675    0.970060    0.954140    1700        40.718563   6.862381    0.020651    6.788717    2.642387    2.152399    3.931090    0.513780    0.002915    0.032643    0.000000    0.500000    14.696554   13.068175   21.000000   0.002907    0.486367    0.989748    0.967357    0.020651    2.642387    3.931090    0.431099    12.388792  
[37m[36mINFO[0m[0m 07/12 13:56:10 | 0.844417    0.867971    0.000000    0.969444    0.153184    0.844417    0.867971    0.972222    0.973054    0.963057    1800        43.113772   6.858189    0.016942    6.787742    2.648869    2.145127    3.924360    0.517715    0.002290    0.034613    0.000000    0.500000    14.310730   12.643314   21.000000   0.002286    0.482435    0.989089    0.965387    0.016942    2.648869    3.924360    0.431366    11.982616  
[37m[36mINFO[0m[0m 07/12 13:57:06 | 0.841977    0.860636    0.000000    0.971589    0.132210    0.841977    0.860636    0.972222    0.982036    0.960510    1900        45.508982   6.824545    0.009634    6.759718    2.634273    2.101628    3.915282    0.534581    0.002087    0.034658    0.000000    0.500000    13.547075   12.027160   21.000000   0.002085    0.465561    0.989617    0.965342    0.009634    2.634273    3.915282    0.432527    10.779543  
[37m[36mINFO[0m[0m 07/12 13:58:02 | 0.829774    0.853301    0.000000    0.974423    0.118810    0.829774    0.853301    0.970085    0.985030    0.968153    2000        47.904192   6.837535    0.020770    6.761732    2.647261    2.092430    3.905228    0.532135    0.001864    0.036339    0.000000    0.500000    13.503853   11.588191   21.000000   0.001863    0.468013    0.988569    0.963661    0.020770    2.647261    3.905228    0.431422    11.031299  
[37m[36mINFO[0m[0m 07/12 13:58:58 | 0.847468    0.848411    0.000000    0.970732    0.122149    0.847468    0.848411    0.978632    0.973054    0.960510    2100        50.299401   6.830185    0.017008    6.757360    2.648514    2.061241    3.902721    0.540364    0.001776    0.035582    0.000000    0.500000    13.221534   11.191941   21.000000   0.001775    0.459784    0.988817    0.964418    0.017008    2.648514    3.902721    0.431839    10.986457  
[37m[36mINFO[0m[0m 07/12 13:59:54 | 0.862111    0.870416    0.000000    0.978133    0.107295    0.862111    0.870416    0.980769    0.988024    0.965605    2200        52.694611   6.758706    0.003680    6.698095    2.616597    1.993039    3.882194    0.551142    0.001884    0.036288    0.000000    0.500000    12.842849   11.247228   21.000000   0.001886    0.448989    0.989277    0.963712    0.003680    2.616597    3.882194    0.430730    11.138512  
[37m[36mINFO[0m[0m 07/12 14:00:51 | 0.834655    0.853301    0.000000    0.965635    0.153302    0.834655    0.853301    0.974359    0.976048    0.946497    2300        55.089820   6.759839    0.007578    6.694231    2.622682    1.939485    3.877601    0.561537    0.002288    0.037474    0.000000    0.500000    12.444790   11.199852   21.000000   0.002292    0.438591    0.988917    0.962526    0.007578    2.622682    3.877601    0.430017    11.482789  
[37m[36mINFO[0m[0m 07/12 14:01:47 | 0.866992    0.860636    0.000000    0.966744    0.135924    0.866992    0.860636    0.963675    0.976048    0.960510    2400        57.485030   6.765842    0.006252    6.701071    2.629585    1.903415    3.881145    0.565015    0.002537    0.040307    0.000000    0.500000    12.336173   10.870547   21.000000   0.002541    0.435112    0.987677    0.959693    0.006252    2.629585    3.881145    0.430160    11.181894  
[37m[36mINFO[0m[0m 07/12 14:02:43 | 0.822453    0.855746    0.000000    0.968030    0.140233    0.822453    0.855746    0.965812    0.979042    0.959236    2500        59.880240   6.768061    0.012036    6.697217    2.641970    1.882628    3.866984    0.567139    0.002845    0.041828    0.000000    0.500000    12.375297   10.425177   21.000000   0.002845    0.432988    0.986715    0.958172    0.012036    2.641970    3.866984    0.429837    11.184654  
[37m[36mINFO[0m[0m 07/12 14:03:40 | 0.767541    0.782396    0.000000    0.956647    0.190368    0.767541    0.782396    0.961538    0.958084    0.950318    2600        62.275449   6.773465    0.012272    6.702045    2.642220    1.871437    3.872682    0.571411    0.002934    0.040070    0.000000    0.500000    12.170290   10.131572   21.000000   0.002934    0.428712    0.987187    0.959930    0.012272    2.642220    3.872682    0.431165    12.006928  
[37m[36mINFO[0m[0m 07/12 14:04:37 | 0.830384    0.821516    0.000000    0.957080    0.196940    0.830384    0.821516    0.955128    0.967066    0.949045    2700        64.670659   6.800906    0.026360    6.716108    2.658420    1.879765    3.869711    0.564014    0.002600    0.040681    0.000000    0.500000    12.350846   9.916532    21.000000   0.002596    0.436116    0.986485    0.959319    0.026360    2.658420    3.869711    0.430632    12.463090  
[37m[36mINFO[0m[0m 07/12 14:05:34 | 0.846248    0.845966    0.000000    0.966042    0.171689    0.846248    0.845966    0.959402    0.982036    0.956688    2800        67.065868   6.742627    0.006181    6.677498    2.629447    1.850421    3.863008    0.570108    0.002320    0.038714    0.000000    0.500000    12.001018   10.165309   21.000000   0.002320    0.430012    0.987593    0.961286    0.006181    2.629447    3.863008    0.431055    11.451357  
[37m[36mINFO[0m[0m 07/12 14:06:30 | 0.861501    0.863081    0.000000    0.973427    0.136972    0.861501    0.863081    0.974359    0.979042    0.966879    2900        69.461078   6.692947    0.002855    6.630217    2.616702    1.767353    3.836779    0.578279    0.002322    0.040892    0.000000    0.500000    11.745002   10.067392   21.000000   0.002320    0.421833    0.986985    0.959108    0.002855    2.616702    3.836779    0.431123    11.345692  
[37m[36mINFO[0m[0m 07/12 14:07:26 | 0.867602    0.875306    0.000000    0.970159    0.130556    0.867602    0.875306    0.978632    0.970060    0.961783    3000        71.856287   6.798085    0.020221    6.718556    2.666901    1.831303    3.868525    0.571347    0.002482    0.043430    0.000000    0.500000    11.976297   10.010420   21.000000   0.002483    0.428773    0.985283    0.956570    0.020221    2.666901    3.868525    0.430546    11.490652  
[37m[36mINFO[0m[0m 07/12 14:08:23 | 0.837096    0.850856    0.000000    0.958666    0.199099    0.837096    0.850856    0.965812    0.970060    0.940127    3100        74.251497   6.753522    0.011127    6.682614    2.644135    1.798263    3.858653    0.577393    0.002066    0.040804    0.000000    0.500000    11.793104   9.813655    21.000000   0.002059    0.422722    0.986253    0.959196    0.011127    2.644135    3.858653    0.430761    11.445334  
[37m[36mINFO[0m[0m 07/12 14:09:19 | 0.834655    0.843521    0.000000    0.968331    0.151346    0.834655    0.843521    0.974359    0.979042    0.951592    3200        76.646707   6.741221    0.016374    6.665863    2.643135    1.790037    3.843724    0.568863    0.001746    0.041920    0.000000    0.500000    12.014258   9.815467    21.000000   0.001745    0.431256    0.985465    0.958080    0.016374    2.643135    3.843724    0.431495    11.570080  
[37m[36mINFO[0m[0m 07/12 14:10:16 | 0.834655    0.848411    0.000000    0.967744    0.152562    0.834655    0.848411    0.967949    0.976048    0.959236    3300        79.041916   6.734075    0.012315    6.662003    2.643896    1.786258    3.839481    0.576801    0.001852    0.041500    0.000000    0.500000    11.707364   9.730645    21.000000   0.001854    0.423313    0.985698    0.958500    0.012315    2.643896    3.839481    0.430752    11.595270  
[37m[36mINFO[0m[0m 07/12 14:11:12 | 0.865772    0.858191    0.000000    0.975847    0.143137    0.865772    0.858191    0.974359    0.985030    0.968153    3400        81.437126   6.703204    0.003949    6.638758    2.632330    1.701260    3.836301    0.583932    0.001829    0.042046    0.000000    0.500000    11.448924   9.606675    21.000000   0.001828    0.416174    0.985898    0.957954    0.003949    2.632330    3.836301    0.431176    11.675226  
[37m[36mINFO[0m[0m 07/12 14:12:09 | 0.821843    0.828851    0.000000    0.969756    0.151004    0.821843    0.828851    0.978632    0.979042    0.951592    3500        83.832335   6.703701    0.006618    6.636069    2.637934    1.684537    3.829682    0.588919    0.001726    0.042392    0.000000    0.500000    11.236745   9.509512    21.000000   0.001723    0.411185    0.985474    0.957608    0.006618    2.637934    3.829682    0.431544    11.762458  
[37m[36mINFO[0m[0m 07/12 14:13:06 | 0.815131    0.833741    0.000000    0.963216    0.174053    0.815131    0.833741    0.978632    0.967066    0.943949    3600        86.227545   6.735946    0.015609    6.659727    2.649831    1.719605    3.837936    0.584595    0.001397    0.042972    0.000000    0.500000    11.469918   9.381963    21.000000   0.001395    0.415514    0.984430    0.957028    0.015609    2.649831    3.837936    0.431779    11.829599  
[37m[36mINFO[0m[0m 07/12 14:14:03 | 0.774253    0.801956    0.000000    0.964901    0.184697    0.774253    0.801956    0.972222    0.967066    0.955414    3700        88.622754   6.702350    0.007394    6.633654    2.639257    1.671734    3.827224    0.591715    0.001177    0.042575    0.000000    0.500000    11.355954   9.420360    21.000000   0.001173    0.408392    0.985041    0.957425    0.007394    2.639257    3.827224    0.431783    11.890188  
[37m[36mINFO[0m[0m 07/12 14:15:00 | 0.891397    0.877751    0.000000    0.965910    0.179865    0.891397    0.877751    0.974359    0.973054    0.950318    3800        91.017964   6.746964    0.015796    6.669958    2.656388    1.685656    3.845004    0.589733    0.000956    0.044719    0.000000    0.500000    11.336985   9.219289    21.000000   0.000956    0.410377    0.983455    0.955281    0.015796    2.656388    3.845004    0.431584    12.116362  
[37m[36mINFO[0m[0m 07/12 14:15:57 | 0.851739    0.845966    0.000000    0.967331    0.169172    0.851739    0.845966    0.970085    0.979042    0.952866    3900        93.413174   6.703201    0.009371    6.632592    2.643374    1.642021    3.825016    0.590245    0.000853    0.044266    0.000000    0.500000    11.260044   9.145864    21.000000   0.000853    0.409862    0.983697    0.955734    0.009371    2.643374    3.825016    0.431722    12.095937  
[37m[36mINFO[0m[0m 07/12 14:16:54 | 0.779134    0.799511    0.000000    0.964457    0.166848    0.779134    0.799511    0.952991    0.976048    0.964331    4000        95.808383   6.692875    0.005890    6.625004    2.637728    1.581692    3.829107    0.597958    0.000832    0.043676    0.000000    0.500000    11.088742   9.110303    21.000000   0.000830    0.402143    0.984189    0.956324    0.005890    2.637728    3.829107    0.431141    12.227863  
[37m[36mINFO[0m[0m 07/12 14:17:51 | 0.838316    0.850856    0.000000    0.971730    0.152463    0.838316    0.850856    0.978632    0.976048    0.960510    4100        98.203593   6.689674    0.006705    6.621276    2.644280    1.604621    3.816534    0.594672    0.000663    0.044510    0.000000    0.500000    11.187994   8.979744    21.000000   0.000662    0.405433    0.983468    0.955490    0.006705    2.644280    3.816534    0.431565    12.236673  
[37m[36mINFO[0m[0m 07/12 14:18:49 | 0.863941    0.858191    0.000000    0.970732    0.144368    0.863941    0.858191    0.978632    0.973054    0.960510    4200        100.598802  6.679187    0.006035    6.610955    2.638346    1.546876    3.817921    0.600435    0.000533    0.043081    0.000000    0.500000    10.977105   8.924786    21.000000   0.000531    0.399667    0.983947    0.956919    0.006035    2.638346    3.817921    0.431321    12.409322  
[37m[36mINFO[0m[0m 07/12 14:19:46 | 0.893228    0.892421    0.000000    0.970159    0.133982    0.893228    0.892421    0.978632    0.970060    0.961783    4300        102.994012  6.649587    0.001944    6.585221    2.624638    1.503852    3.810197    0.602797    0.000343    0.042846    0.000000    0.500000    10.900493   8.879630    21.000000   0.000342    0.397302    0.983746    0.957154    0.001944    2.624638    3.810197    0.431477    12.293588  
[37m[36mINFO[0m[0m 07/12 14:20:43 | 0.862721    0.860636    0.000000    0.976702    0.128690    0.862721    0.860636    0.987179    0.976048    0.966879    4400        105.389222  6.650340    0.001006    6.586452    2.631902    1.455278    3.809022    0.607254    0.000301    0.043139    0.000000    0.500000    10.740662   8.796920    21.000000   0.000301    0.392845    0.983476    0.956861    0.001006    2.631902    3.809022    0.431352    12.345518  
[37m[36mINFO[0m[0m 07/12 14:21:41 | 0.848688    0.841076    0.000000    0.973716    0.127424    0.848688    0.841076    0.980769    0.976048    0.964331    4500        107.784431  6.647750    0.000308    6.584318    2.629877    1.408122    3.813629    0.610188    0.000346    0.042105    0.000000    0.500000    10.619996   8.699103    21.000000   0.000348    0.389911    0.983510    0.957895    0.000308    2.629877    3.813629    0.432031    12.313739  
[37m[36mINFO[0m[0m 07/12 14:22:37 | 0.866992    0.863081    0.000000    0.972442    0.147406    0.866992    0.863081    0.980769    0.976048    0.960510    4600        110.179641  6.645840    0.001883    6.580894    2.631308    1.387942    3.810792    0.608753    0.000348    0.043741    0.000000    0.500000    10.601530   8.656087    21.000000   0.000347    0.391345    0.982112    0.956259    0.001883    2.631308    3.810792    0.432512    11.566949  
[37m[36mINFO[0m[0m 07/12 14:23:34 | 0.827944    0.804401    0.000000    0.970869    0.170005    0.827944    0.804401    0.976496    0.973054    0.963057    4700        112.574850  6.629786    0.003104    6.563662    2.631444    1.392266    3.792991    0.608812    0.000285    0.042770    0.000000    0.500000    10.595431   8.628907    21.000000   0.000285    0.391287    0.981739    0.957230    0.003104    2.631444    3.792991    0.432025    12.003036  
[37m[36mINFO[0m[0m 07/12 14:24:32 | 0.856010    0.855746    0.000000    0.964901    0.151186    0.856010    0.855746    0.972222    0.967066    0.955414    4800        114.970060  6.679838    0.011005    6.605942    2.654771    1.460282    3.805143    0.606157    0.000227    0.045503    0.000000    0.500000    10.734171   8.620579    21.000000   0.000226    0.393941    0.979629    0.954497    0.011005    2.654771    3.805143    0.431272    12.522766  
[37m[36mINFO[0m[0m 07/12 14:25:30 | 0.860891    0.858191    0.000000    0.972716    0.144822    0.860891    0.858191    0.976496    0.976048    0.965605    4900        117.365269  6.644520    0.002502    6.579328    2.633451    1.439061    3.801971    0.605700    0.000160    0.042398    0.000000    0.500000    10.743350   8.581639    21.000000   0.000160    0.394399    0.981358    0.957602    0.002502    2.633451    3.801971    0.431943    12.854578  
[37m[36mINFO[0m[0m 07/12 14:26:27 | 0.849908    0.858191    0.000000    0.966038    0.180262    0.849908    0.858191    0.974359    0.967066    0.956688    5000        119.760479  6.645816    0.005056    6.578055    2.639767    1.373409    3.800947    0.605209    0.000129    0.043684    0.000000    0.500000    10.615104   8.599680    21.000000   0.000128    0.394888    0.980303    0.956316    0.005056    2.639767    3.800947    0.431849    12.301485  
[37m[36mINFO[0m[0m 07/12 14:26:27 | ---
[37m[33mWARNING[0m[0m 07/12 14:26:28 | Evaluate SWAD ...
[37m[36mINFO[0m[0m 07/12 14:26:40 | 0.892007    0.894866    0.000000    0.979258    0.122413    0.892007    0.894866    0.980769    0.985030    0.971975    [201-4900]  (N=48)
[37m[36mINFO[0m[0m 07/12 14:26:40 | oracle = 87.980%
[37m[36mINFO[0m[0m 07/12 14:26:40 | iid = 86.211%
[37m[36mINFO[0m[0m 07/12 14:26:40 | last = 84.991%
[37m[36mINFO[0m[0m 07/12 14:26:40 | last (inD) = 96.604%
[37m[36mINFO[0m[0m 07/12 14:26:40 | iid (inD) = 97.813%
[37m[36mINFO[0m[0m 07/12 14:26:40 | SWAD = 89.201%
[37m[36mINFO[0m[0m 07/12 14:26:40 | SWAD (inD) = 97.926%
[37m[36mINFO[0m[0m 07/12 14:26:40 | 
[37m[36mINFO[0m[0m 07/12 14:26:44 | Testenv name escaping te_cartoon -> te_cartoon
[37m[36mINFO[0m[0m 07/12 14:26:44 | Test envs = [1], name = te_cartoon
[37m[36mINFO[0m[0m 07/12 14:26:44 | Batch sizes for each domain: [32, 0, 32, 32] (total=96)
[37m[36mINFO[0m[0m 07/12 14:26:44 | steps-per-epoch for each domain: 51.22, 41.75, 98.25 -> min = 41.75
[37m[36mINFO[0m[0m 07/12 14:26:47 | # of params = 49169351
[37m[36mINFO[0m[0m 07/12 14:27:00 | test_in     test_out    train_in    train_out   tr_outloss  env0_out    env1_in     env1_out    env2_out    env3_out    step        epoch       loss        loss_cls    loss_ccc    loss_cross  loss_int    loss_ref    loss_isr    loss_orth   loss_inv    loss_gt     piccl_alph  paired_res  domain_res  valid_doma  basis_orth  response_c  raw_interv  mediator_i  ce_loss     sup_cl_los  pre_cl_los  step_time   eval_time  
[37m[36mINFO[0m[0m 07/12 14:27:00 | 0.278785    0.271368    0.000000    0.267575    1.821182    0.163814    0.278785    0.271368    0.449102    0.189809    0           0.000000    14.141905   2.177200    11.955141   6.628973    1.013798    5.326169    0.000000    0.134642    0.188583    0.000000    0.000000    0.000000    0.000000    19.000000   0.123304    0.000000    0.902926    0.811417    2.177200    6.628973    5.326169    0.407774    12.770755  
[37m[36mINFO[0m[0m 07/12 14:27:57 | 0.746802    0.788462    0.000000    0.943076    0.168826    0.936430    0.746802    0.788462    0.973054    0.919745    100         2.395210    8.300255    0.305542    7.894933    3.236832    2.069746    4.658101    0.972543    0.035941    0.049801    0.000000    0.000000    14.776941   4.203444    21.000000   0.034838    0.028013    0.971088    0.950199    0.305542    3.236832    4.658101    0.430706    12.288218  
[37m[36mINFO[0m[0m 07/12 14:28:55 | 0.763326    0.816239    0.000000    0.952327    0.166746    0.953545    0.763326    0.816239    0.976048    0.927389    200         4.790419    7.457519    0.126126    7.239582    2.862377    2.272733    4.377205    0.903111    0.014824    0.029712    0.000000    0.000000    15.495788   7.104559    21.000000   0.014960    0.097745    0.981145    0.970288    0.126126    2.862377    4.377205    0.428968    12.900556  
[37m[36mINFO[0m[0m 07/12 14:29:53 | 0.750533    0.784188    0.000000    0.965444    0.133958    0.958435    0.750533    0.784188    0.985030    0.952866    300         7.185629    7.180076    0.077512    7.020960    2.769968    2.344328    4.250992    0.803508    0.049829    0.024073    0.000000    0.000000    16.679586   8.857971    21.000000   0.050348    0.197518    0.984508    0.975927    0.077512    2.769968    4.250992    0.428861    12.667731  
[37m[36mINFO[0m[0m 07/12 14:30:50 | 0.787313    0.814103    0.000000    0.960634    0.152812    0.948655    0.787313    0.814103    0.988024    0.945223    400         9.580838    7.083453    0.073127    6.937109    2.748417    2.386850    4.188693    0.719953    0.099202    0.022456    0.000000    0.000000    16.233988   10.074090   21.000000   0.099487    0.280809    0.985454    0.977544    0.073127    2.748417    4.188693    0.428542    12.651269  
[37m[36mINFO[0m[0m 07/12 14:31:47 | 0.803838    0.839744    0.000000    0.947196    0.179105    0.936430    0.803838    0.839744    0.979042    0.926115    500         11.976048   6.947179    0.050746    6.829743    2.705971    2.415876    4.123772    0.656134    0.098227    0.019557    0.000000    0.000000    15.979004   10.673717   21.000000   0.098022    0.344498    0.987173    0.980443    0.050746    2.705971    4.123772    0.428607    11.515147  
[37m[36mINFO[0m[0m 07/12 14:32:43 | 0.740938    0.807692    0.000000    0.955298    0.158160    0.933985    0.740938    0.807692    0.979042    0.952866    600         14.371257   6.972829    0.069968    6.843304    2.734870    2.458700    4.095999    0.584334    0.074539    0.020989    0.000000    0.025250    17.146195   11.078152   21.000000   0.074306    0.416184    0.986478    0.979011    0.069968    2.734870    4.095999    0.429275    11.804644  
[37m[36mINFO[0m[0m 07/12 14:33:40 | 0.813966    0.839744    0.000000    0.947509    0.191572    0.941320    0.813966    0.839744    0.961078    0.940127    700         16.766467   6.862446    0.041443    6.765769    2.676760    2.453900    4.052090    0.542442    0.051620    0.018767    0.000000    0.075250    17.567990   12.208385   21.000000   0.051397    0.457923    0.988372    0.981233    0.041443    2.676760    4.052090    0.429726    12.094234  
[37m[36mINFO[0m[0m 07/12 14:34:37 | 0.787846    0.816239    0.000000    0.962059    0.146692    0.955990    0.787846    0.816239    0.976048    0.954140    800         19.161677   6.896492    0.049435    6.794522    2.691897    2.454157    4.041156    0.515294    0.032867    0.019461    0.000000    0.125250    17.803332   12.317760   21.000000   0.032711    0.484982    0.988410    0.980539    0.049435    2.691897    4.041156    0.428820    12.276400  
[37m[36mINFO[0m[0m 07/12 14:35:34 | 0.760661    0.775641    0.000000    0.951100    0.202682    0.948655    0.760661    0.775641    0.967066    0.937580    900         21.556886   6.839597    0.033360    6.754960    2.658207    2.449299    4.010910    0.503323    0.018841    0.018521    0.000000    0.175250    17.400136   12.412905   21.000000   0.018726    0.496898    0.989614    0.981479    0.033360    2.658207    4.010910    0.427687    12.132163  
[37m[36mINFO[0m[0m 07/12 14:36:31 | 0.780917    0.799145    0.000000    0.959097    0.190290    0.946210    0.780917    0.799145    0.982036    0.949045    1000        23.952096   6.891920    0.050681    6.790676    2.686648    2.439757    3.994149    0.495480    0.010471    0.020098    0.000000    0.225250    17.583199   12.568761   21.000000   0.010415    0.504735    0.989303    0.979902    0.050681    2.686648    3.994149    0.427295    12.063632  
[37m[36mINFO[0m[0m 07/12 14:37:28 | 0.809168    0.835470    0.000000    0.942042    0.257880    0.919315    0.809168    0.835470    0.973054    0.933758    1100        26.347305   6.877197    0.042655    6.784973    2.677238    2.419955    3.974557    0.485054    0.006303    0.021158    0.000000    0.275250    17.487813   12.733517   21.000000   0.006274    0.515147    0.989383    0.978842    0.042655    2.677238    3.974557    0.427288    12.137386  
[37m[36mINFO[0m[0m 07/12 14:38:24 | 0.764925    0.786325    0.000000    0.959570    0.165063    0.960880    0.764925    0.786325    0.970060    0.947771    1200        28.742515   6.871170    0.042704    6.779130    2.669905    2.391623    3.953709    0.482085    0.004983    0.022440    0.000000    0.325250    17.033188   12.275552   21.000000   0.004984    0.518109    0.989478    0.977560    0.042704    2.669905    3.953709    0.426890    11.749740  
[37m[36mINFO[0m[0m 07/12 14:39:21 | 0.819829    0.846154    0.000000    0.967969    0.136243    0.970660    0.819829    0.846154    0.988024    0.945223    1300        31.137725   6.840059    0.022557    6.766458    2.657763    2.336735    3.933374    0.497722    0.005274    0.025338    0.000000    0.375250    16.130528   11.734030   21.000000   0.005278    0.502456    0.989359    0.974662    0.022557    2.657763    3.933374    0.426164    12.178583  
[37m[36mINFO[0m[0m 07/12 14:40:17 | 0.764925    0.803419    0.000000    0.950881    0.203654    0.933985    0.764925    0.803419    0.967066    0.951592    1400        33.532934   6.823490    0.018221    6.754641    2.637644    2.280277    3.923152    0.493370    0.005365    0.025718    0.000000    0.425250    16.492714   12.549656   21.000000   0.005362    0.506791    0.990434    0.974282    0.018221    2.637644    3.923152    0.426255    11.346664  
[37m[36mINFO[0m[0m 07/12 14:41:13 | 0.746802    0.794872    0.000000    0.962357    0.157577    0.955990    0.746802    0.794872    0.982036    0.949045    1500        35.928144   6.856428    0.018836    6.786421    2.655140    2.223905    3.919949    0.497010    0.004902    0.029328    0.000000    0.475250    16.152851   12.797028   21.000000   0.004898    0.503152    0.990048    0.970672    0.018836    2.655140    3.919949    0.426925    11.413719  
[37m[36mINFO[0m[0m 07/12 14:42:09 | 0.807036    0.835470    0.000000    0.955012    0.205320    0.943765    0.807036    0.835470    0.976048    0.945223    1600        38.323353   6.818579    0.016428    6.749337    2.639644    2.153595    3.894334    0.512956    0.005036    0.030274    0.000000    0.500000    15.529430   12.287454   21.000000   0.005039    0.487201    0.990603    0.969726    0.016428    2.639644    3.894334    0.426037    11.570144  
[37m[36mINFO[0m[0m 07/12 14:43:05 | 0.793177    0.824786    0.000000    0.966122    0.152273    0.970660    0.793177    0.824786    0.985030    0.942675    1700        40.718563   6.810315    0.017216    6.738521    2.645178    2.143083    3.879034    0.529446    0.005523    0.032560    0.000000    0.500000    14.876047   11.698356   21.000000   0.005535    0.470713    0.989841    0.967440    0.017216    2.645178    3.879034    0.425315    11.654546  
[37m[36mINFO[0m[0m 07/12 14:44:01 | 0.764392    0.764957    0.000000    0.953048    0.224776    0.933985    0.764392    0.764957    0.985030    0.940127    1800        43.113772   6.780295    0.010383    6.714320    2.634899    2.079274    3.871493    0.539139    0.007134    0.033415    0.000000    0.500000    14.409041   11.314005   21.000000   0.007150    0.461014    0.989942    0.966585    0.010383    2.634899    3.871493    0.425797    11.750095  
[37m[36mINFO[0m[0m 07/12 14:44:58 | 0.820362    0.826923    0.000000    0.965903    0.137722    0.955990    0.820362    0.826923    0.985030    0.956688    1900        45.508982   6.791658    0.019027    6.716155    2.647930    2.045870    3.863638    0.546109    0.008778    0.037136    0.000000    0.500000    14.059674   10.759893   21.000000   0.008795    0.454050    0.988182    0.962864    0.019027    2.647930    3.863638    0.424810    12.030617  
[37m[36mINFO[0m[0m 07/12 14:45:54 | 0.783049    0.826923    0.000000    0.948038    0.239134    0.953545    0.783049    0.826923    0.958084    0.932484    2000        47.904192   6.770760    0.010461    6.703479    2.638659    1.984458    3.866374    0.549992    0.010563    0.036215    0.000000    0.500000    13.695370   10.729872   21.000000   0.010584    0.450159    0.988660    0.963785    0.010461    2.638659    3.866374    0.426131    11.972748  
[37m[36mINFO[0m[0m 07/12 14:46:50 | 0.805437    0.824786    0.000000    0.961703    0.160876    0.951100    0.805437    0.824786    0.976048    0.957962    2100        50.299401   6.749998    0.006544    6.686519    2.633970    1.965060    3.856042    0.550825    0.012514    0.036815    0.000000    0.500000    13.751721   10.581210   21.000000   0.012526    0.449323    0.988702    0.963185    0.006544    2.633970    3.856042    0.425235    11.994170  
[37m[36mINFO[0m[0m 07/12 14:47:47 | 0.777186    0.809829    0.000000    0.956046    0.196244    0.960880    0.777186    0.809829    0.976048    0.931210    2200        52.694611   6.744705    0.003691    6.683198    2.631127    1.936889    3.858382    0.559821    0.014294    0.036383    0.000000    0.500000    13.387968   10.633785   21.000000   0.014315    0.440318    0.989123    0.963617    0.003691    2.631127    3.858382    0.425592    11.956181  
[37m[36mINFO[0m[0m 07/12 14:48:42 | 0.782516    0.820513    0.000000    0.944319    0.261756    0.946210    0.782516    0.820513    0.958084    0.928662    2300        55.089820   6.741144    0.015777    6.666730    2.638454    1.876469    3.840629    0.566352    0.015544    0.039741    0.000000    0.500000    13.079656   10.575672   21.000000   0.015546    0.433781    0.987673    0.960259    0.015777    2.638454    3.840629    0.426496    11.223769  
[37m[36mINFO[0m[0m 07/12 14:49:38 | 0.798507    0.852564    0.000000    0.956149    0.199227    0.953545    0.798507    0.852564    0.976048    0.938854    2400        57.485030   6.820758    0.031845    6.731105    2.676077    1.931021    3.861927    0.557663    0.014134    0.040542    0.000000    0.500000    13.261342   10.129935   21.000000   0.014109    0.442488    0.986134    0.959458    0.031845    2.676077    3.861927    0.426174    11.325151  
[37m[36mINFO[0m[0m 07/12 14:50:34 | 0.762260    0.769231    0.000000    0.947816    0.205606    0.931540    0.762260    0.769231    0.973054    0.938854    2500        59.880240   6.793419    0.028297    6.707218    2.669946    1.933966    3.843875    0.558729    0.011948    0.040374    0.000000    0.500000    13.343044   9.958665    21.000000   0.011929    0.441415    0.986114    0.959626    0.028297    2.669946    3.843875    0.425845    11.260616  
[37m[36mINFO[0m[0m 07/12 14:51:30 | 0.814499    0.861111    0.000000    0.958524    0.168689    0.946210    0.814499    0.861111    0.979042    0.950318    2600        62.275449   6.752584    0.017146    6.677775    2.651514    1.925136    3.833748    0.557744    0.010029    0.037568    0.000000    0.500000    13.249179   9.845334    21.000000   0.010016    0.442392    0.987552    0.962432    0.017146    2.651514    3.833748    0.425250    11.473442  
[37m[36mINFO[0m[0m 07/12 14:52:25 | 0.808635    0.814103    0.000000    0.967028    0.190614    0.955990    0.808635    0.814103    0.982036    0.963057    2700        64.670659   6.697646    0.006378    6.632432    2.633455    1.868186    3.812158    0.569032    0.008879    0.038502    0.000000    0.500000    12.813472   9.768438    21.000000   0.008861    0.431092    0.987490    0.961498    0.006378    2.633455    3.812158    0.424855    11.581874  
[37m[36mINFO[0m[0m 07/12 14:53:22 | 0.806503    0.831197    0.000000    0.958734    0.189685    0.958435    0.806503    0.831197    0.961078    0.956688    2800        67.065868   6.696164    0.006407    6.630522    2.633552    1.795158    3.817454    0.571890    0.006552    0.040784    0.000000    0.500000    12.746035   9.682027    21.000000   0.006533    0.428229    0.986852    0.959216    0.006407    2.633552    3.817454    0.425177    11.771492  
[37m[36mINFO[0m[0m 07/12 14:54:18 | 0.769190    0.818376    0.000000    0.946039    0.298296    0.946210    0.769190    0.818376    0.967066    0.924841    2900        69.461078   6.689007    0.006594    6.623195    2.631250    1.802653    3.811680    0.571817    0.005052    0.040630    0.000000    0.500000    12.837686   9.584070    21.000000   0.005034    0.428302    0.986751    0.959370    0.006594    2.631250    3.811680    0.425297    12.207674  
[37m[36mINFO[0m[0m 07/12 14:55:15 | 0.800107    0.822650    0.000000    0.957653    0.167751    0.946210    0.800107    0.822650    0.970060    0.956688    3000        71.856287   6.691280    0.012283    6.619115    2.638793    1.773324    3.802990    0.577778    0.003430    0.042005    0.000000    0.500000    12.692116   9.636092    21.000000   0.003418    0.422343    0.986002    0.957995    0.012283    2.638793    3.802990    0.424417    12.880675  
[37m[36mINFO[0m[0m 07/12 14:56:11 | 0.834755    0.850427    0.000000    0.959512    0.206380    0.955990    0.834755    0.850427    0.976048    0.946497    3100        74.251497   6.692375    0.011021    6.620761    2.638358    1.722219    3.810181    0.584252    0.002480    0.043309    0.000000    0.500000    12.331072   9.498992    21.000000   0.002472    0.415863    0.985269    0.956691    0.011021    2.638358    3.810181    0.422256    12.296150  
[37m[36mINFO[0m[0m 07/12 14:57:07 | 0.840085    0.841880    0.000000    0.944570    0.270760    0.938875    0.840085    0.841880    0.961078    0.933758    3200        76.646707   6.710116    0.017644    6.632118    2.656722    1.773922    3.798003    0.581655    0.001861    0.043745    0.000000    0.500000    12.394466   9.362222    21.000000   0.001855    0.418462    0.984770    0.956255    0.017644    2.656722    3.798003    0.426539    11.043899  
[37m[36mINFO[0m[0m 07/12 14:58:03 | 0.750533    0.773504    0.000000    0.955347    0.204882    0.948655    0.750533    0.773504    0.967066    0.950318    3300        79.041916   6.696444    0.015961    6.620394    2.644534    1.774888    3.798371    0.578661    0.001166    0.044424    0.000000    0.500000    12.530104   9.223968    21.000000   0.001160    0.421459    0.984323    0.955576    0.015961    2.644534    3.798371    0.427146    11.069610  
[37m[36mINFO[0m[0m 07/12 14:58:59 | 0.795842    0.814103    0.000000    0.959846    0.174883    0.960880    0.795842    0.814103    0.967066    0.951592    3400        81.437126   6.687961    0.015629    6.611536    2.648937    1.707130    3.791886    0.585761    0.000921    0.044383    0.000000    0.500000    12.360334   9.198777    21.000000   0.000920    0.414354    0.984415    0.955617    0.015629    2.648937    3.791886    0.426109    11.237630  
[37m[36mINFO[0m[0m 07/12 14:59:54 | 0.808102    0.820513    0.000000    0.948978    0.234377    0.936430    0.808102    0.820513    0.955090    0.955414    3500        83.832335   6.712055    0.019060    6.632441    2.656385    1.758330    3.800223    0.583349    0.000718    0.044374    0.000000    0.500000    12.376106   9.216815    21.000000   0.000716    0.416768    0.983936    0.955626    0.019060    2.656385    3.800223    0.426786    11.409565  
[37m[36mINFO[0m[0m 07/12 15:00:51 | 0.821429    0.852564    0.000000    0.967028    0.162145    0.955990    0.821429    0.852564    0.982036    0.963057    3600        86.227545   6.681469    0.009676    6.610702    2.644298    1.712437    3.795160    0.588738    0.000566    0.044330    0.000000    0.500000    12.250893   9.268226    21.000000   0.000565    0.411374    0.984367    0.955670    0.009676    2.644298    3.795160    0.428077    11.471415  
[37m[36mINFO[0m[0m 07/12 15:01:47 | 0.824627    0.837607    0.000000    0.948712    0.256329    0.926650    0.824627    0.837607    0.964072    0.955414    3700        88.622754   6.650025    0.003865    6.584548    2.634858    1.639649    3.785725    0.594786    0.000411    0.042670    0.000000    0.500000    12.007142   9.253359    21.000000   0.000409    0.405320    0.985163    0.957330    0.003865    2.634858    3.785725    0.428580    11.682370  
[37m[36mINFO[0m[0m 07/12 15:02:43 | 0.812367    0.833333    0.000000    0.955347    0.209059    0.948655    0.812367    0.833333    0.967066    0.950318    3800        91.017964   6.690387    0.017342    6.611646    2.657998    1.651174    3.788531    0.591332    0.000291    0.045289    0.000000    0.500000    12.163607   9.149763    21.000000   0.000290    0.408779    0.983429    0.954711    0.017342    2.657998    3.788531    0.427467    11.602613  
[37m[36mINFO[0m[0m 07/12 15:03:39 | 0.826226    0.850427    0.000000    0.960637    0.196495    0.955990    0.826226    0.850427    0.973054    0.952866    3900        93.413174   6.676899    0.011178    6.604267    2.644890    1.666736    3.792704    0.591986    0.000200    0.045105    0.000000    0.500000    12.251391   9.025614    21.000000   0.000199    0.408126    0.983341    0.954895    0.011178    2.644890    3.792704    0.427454    11.837581  
[37m[36mINFO[0m[0m 07/12 15:04:36 | 0.773454    0.797009    0.000000    0.965332    0.181113    0.963325    0.773454    0.797009    0.967066    0.965605    4000        95.808383   6.622627    0.002360    6.558219    2.626178    1.610688    3.770972    0.599071    0.000144    0.042810    0.000000    0.500000    11.911736   8.879934    21.000000   0.000144    0.401034    0.984830    0.957190    0.002360    2.626178    3.770972    0.426733    11.805905  
[37m[36mINFO[0m[0m 07/12 15:05:31 | 0.798507    0.824786    0.000000    0.960937    0.173974    0.963325    0.798507    0.824786    0.964072    0.955414    4100        98.203593   6.620294    0.003358    6.554418    2.628978    1.538861    3.771554    0.603146    0.000128    0.044068    0.000000    0.500000    11.780348   9.046193    21.000000   0.000128    0.396956    0.984090    0.955932    0.003358    2.628978    3.771554    0.425982    10.745956  
[37m[36mINFO[0m[0m 07/12 15:06:26 | 0.814499    0.816239    0.000000    0.959856    0.208434    0.951100    0.814499    0.816239    0.973054    0.955414    4200        100.598802  6.627530    0.005184    6.559632    2.633340    1.524348    3.773857    0.605193    0.000103    0.043884    0.000000    0.500000    11.693275   9.115608    21.000000   0.000102    0.394910    0.983908    0.956116    0.005184    2.633340    3.773857    0.427076    10.534264  
[37m[36mINFO[0m[0m 07/12 15:07:22 | 0.831557    0.844017    0.000000    0.962438    0.183406    0.948655    0.831557    0.844017    0.973054    0.965605    4300        102.994012  6.624327    0.006814    6.554495    2.637663    1.508279    3.766004    0.607567    0.000098    0.045234    0.000000    0.500000    11.688254   9.106144    21.000000   0.000097    0.392535    0.982892    0.954766    0.006814    2.637663    3.766004    0.427521    11.087236  
[37m[36mINFO[0m[0m 07/12 15:08:18 | 0.820896    0.839744    0.000000    0.967477    0.163569    0.963325    0.820896    0.839744    0.976048    0.963057    4400        105.389222  6.611173    0.003191    6.545009    2.630954    1.493738    3.764681    0.607550    0.000073    0.044367    0.000000    0.500000    11.612997   9.083890    21.000000   0.000073    0.392552    0.983035    0.955633    0.003191    2.630954    3.764681    0.426633    11.039838  
[37m[36mINFO[0m[0m 07/12 15:09:13 | 0.761727    0.799145    0.000000    0.954449    0.250326    0.933985    0.761727    0.799145    0.979042    0.950318    4500        107.784431  6.617095    0.005433    6.548510    2.637328    1.461453    3.765038    0.608629    0.000057    0.045780    0.000000    0.500000    11.641267   9.022362    21.000000   0.000057    0.391472    0.982315    0.954220    0.005433    2.637328    3.765038    0.424434    11.141538  
[37m[36mINFO[0m[0m 07/12 15:10:09 | 0.793177    0.820513    0.000000    0.942687    0.286751    0.921760    0.793177    0.820513    0.961078    0.945223    4600        110.179641  6.655650    0.015081    6.577525    2.655952    1.515549    3.770018    0.607170    0.000051    0.046531    0.000000    0.500000    11.747220   8.952246    21.000000   0.000051    0.392935    0.981189    0.953469    0.015081    2.655952    3.770018    0.425799    11.438149  
[37m[36mINFO[0m[0m 07/12 15:11:04 | 0.807036    0.844017    0.000000    0.948644    0.220551    0.931540    0.807036    0.844017    0.964072    0.950318    4700        112.574850  6.709011    0.028541    6.617915    2.679157    1.617963    3.776961    0.602796    0.000051    0.045516    0.000000    0.500000    11.884841   8.907069    21.000000   0.000051    0.397314    0.980603    0.954484    0.028541    2.679157    3.776961    0.424471    11.285803  
[37m[36mINFO[0m[0m 07/12 15:12:00 | 0.821429    0.852564    0.000000    0.953187    0.212466    0.931540    0.821429    0.852564    0.970060    0.957962    4800        114.970060  6.706320    0.026449    6.617664    2.673001    1.619406    3.782723    0.599355    0.000061    0.045414    0.000000    0.500000    12.012821   8.821795    21.000000   0.000061    0.400757    0.980771    0.954586    0.026449    2.673001    3.782723    0.424939    11.628564  
[37m[36mINFO[0m[0m 07/12 15:12:56 | 0.700426    0.711538    0.000000    0.936706    0.322400    0.904645    0.700426    0.711538    0.964072    0.941401    4900        117.365269  6.650273    0.012382    6.575784    2.653639    1.591179    3.763027    0.599154    0.000055    0.043829    0.000000    0.500000    11.961087   8.850376    21.000000   0.000055    0.400954    0.981989    0.956171    0.012382    2.653639    3.763027    0.425320    11.517803  
[37m[36mINFO[0m[0m 07/12 15:13:52 | 0.820896    0.818376    0.000000    0.958562    0.206655    0.970660    0.820896    0.818376    0.961078    0.943949    5000        119.760479  6.608490    0.012033    6.533958    2.636022    1.529440    3.744992    0.603635    0.000046    0.042724    0.000000    0.500000    11.781009   8.934162    21.000000   0.000046    0.396468    0.982884    0.957276    0.012033    2.636022    3.744992    0.425783    11.759214  
[37m[36mINFO[0m[0m 07/12 15:13:52 | SWAD valley is dead -> early stop !
[37m[36mINFO[0m[0m 07/12 15:13:52 | ---
[37m[33mWARNING[0m[0m 07/12 15:13:52 | Evaluate SWAD ...
[37m[36mINFO[0m[0m 07/12 15:14:04 | 0.825160    0.852564    0.000000    0.976818    0.112522    0.975550    0.825160    0.852564    0.988024    0.966879    [101-4400]  (N=44)
[37m[36mINFO[0m[0m 07/12 15:14:04 | oracle = 81.450%
[37m[36mINFO[0m[0m 07/12 15:14:04 | iid = 81.983%
[37m[36mINFO[0m[0m 07/12 15:14:04 | last = 82.090%
[37m[36mINFO[0m[0m 07/12 15:14:04 | last (inD) = 95.856%
[37m[36mINFO[0m[0m 07/12 15:14:04 | iid (inD) = 96.797%
[37m[36mINFO[0m[0m 07/12 15:14:04 | SWAD = 82.516%
[37m[36mINFO[0m[0m 07/12 15:14:04 | SWAD (inD) = 97.682%
[37m[36mINFO[0m[0m 07/12 15:14:05 | 
[37m[36mINFO[0m[0m 07/12 15:14:09 | Testenv name escaping te_photo -> te_photo
[37m[36mINFO[0m[0m 07/12 15:14:09 | Test envs = [2], name = te_photo
[37m[36mINFO[0m[0m 07/12 15:14:09 | Batch sizes for each domain: [32, 32, 0, 32] (total=96)
[37m[36mINFO[0m[0m 07/12 15:14:09 | steps-per-epoch for each domain: 51.22, 58.62, 98.25 -> min = 51.22
[37m[36mINFO[0m[0m 07/12 15:14:12 | # of params = 49169351
[37m[36mINFO[0m[0m 07/12 15:14:24 | test_in     test_out    train_in    train_out   tr_outloss  env0_out    env1_out    env2_in     env2_out    env3_out    step        epoch       loss        loss_cls    loss_ccc    loss_cross  loss_int    loss_ref    loss_isr    loss_orth   loss_inv    loss_gt     piccl_alph  paired_res  domain_res  valid_doma  basis_orth  response_c  raw_interv  mediator_i  ce_loss     sup_cl_los  pre_cl_los  step_time   eval_time  
[37m[36mINFO[0m[0m 07/12 15:14:24 | 0.089072    0.107784    0.000000    0.191730    1.906366    0.202934    0.177350    0.089072    0.107784    0.194904    0           0.000000    14.181409   2.021663    12.150251   6.666664    1.010388    5.483587    0.000000    0.110973    0.187666    0.000000    0.000000    0.000000    0.000000    20.000000   0.100636    0.000000    0.904160    0.812334    2.021663    6.666664    5.483587    0.411623    11.769955  
[37m[36mINFO[0m[0m 07/12 15:15:21 | 0.962575    0.943114    0.000000    0.928088    0.213460    0.911980    0.948718    0.962575    0.943114    0.923567    100         1.952410    8.783032    0.422489    8.260482    3.407104    2.125048    4.853378    0.973126    0.023491    0.054492    0.000000    0.000000    16.420241   3.291479    21.000000   0.022592    0.027458    0.969751    0.945508    0.422489    3.407104    4.853378    0.429272    11.810951  
[37m[36mINFO[0m[0m 07/12 15:16:17 | 0.956587    0.943114    0.000000    0.918986    0.261318    0.933985    0.940171    0.956587    0.943114    0.882803    200         3.904820    7.843553    0.186239    7.567386    2.978266    2.223195    4.589120    0.880906    0.021268    0.036323    0.000000    0.000000    16.813532   6.942162    21.000000   0.021588    0.120174    0.978391    0.963677    0.186239    2.978266    4.589120    0.426877    11.651094  
[37m[36mINFO[0m[0m 07/12 15:17:14 | 0.971557    0.961078    0.000000    0.956113    0.147945    0.946210    0.974359    0.971557    0.961078    0.947771    300         5.857230    7.492997    0.107098    7.306265    2.845293    2.323460    4.460972    0.780756    0.070656    0.029763    0.000000    0.000000    17.625194   9.090146    21.000000   0.071129    0.220106    0.981736    0.970237    0.107098    2.845293    4.460972    0.428237    11.661030  
[37m[36mINFO[0m[0m 07/12 15:18:10 | 0.970808    0.949102    0.000000    0.947354    0.175978    0.933985    0.967949    0.970808    0.949102    0.940127    400         7.809640    7.325149    0.077353    7.176633    2.792096    2.374519    4.384537    0.697296    0.091642    0.026852    0.000000    0.000000    17.868987   10.463290   21.000000   0.091623    0.303526    0.983374    0.973148    0.077353    2.792096    4.384537    0.428013    11.810750  
[37m[36mINFO[0m[0m 07/12 15:19:07 | 0.973054    0.967066    0.000000    0.947546    0.208016    0.938875    0.957265    0.973054    0.967066    0.946497    500         9.762050    7.228939    0.066269    7.099240    2.758924    2.404737    4.340316    0.621178    0.080546    0.024632    0.000000    0.000000    18.187905   10.539380   21.000000   0.080391    0.379497    0.984583    0.975368    0.066269    2.758924    4.340316    0.431899    11.629729  
[37m[36mINFO[0m[0m 07/12 15:20:04 | 0.964820    0.940120    0.000000    0.955449    0.159918    0.933985    0.980769    0.964820    0.940120    0.951592    600         11.714460   7.170868    0.061663    7.051170    2.743862    2.458394    4.294878    0.567719    0.062559    0.024008    0.000000    0.025250    18.055787   11.417256   21.000000   0.062358    0.432771    0.984872    0.975992    0.061663    2.743862    4.294878    0.429269    11.474635  
[37m[36mINFO[0m[0m 07/12 15:21:01 | 0.978293    0.958084    0.000000    0.950313    0.180413    0.943765    0.959402    0.978293    0.958084    0.947771    700         13.666870   7.140708    0.061107    7.025272    2.730572    2.456439    4.257721    0.531140    0.042613    0.023453    0.000000    0.075250    18.235069   11.977418   21.000000   0.042420    0.469213    0.985853    0.976547    0.061107    2.730572    4.257721    0.428375    11.846077  
[37m[36mINFO[0m[0m 07/12 15:21:57 | 0.949850    0.949102    0.000000    0.947826    0.181909    0.951100    0.970085    0.949850    0.949102    0.922293    800         15.619280   7.098524    0.049988    6.996224    2.709180    2.443455    4.225850    0.510798    0.025830    0.024105    0.000000    0.125250    18.386859   12.069097   21.000000   0.025692    0.489472    0.986236    0.975895    0.049988    2.709180    4.225850    0.428098    11.893928  
[37m[36mINFO[0m[0m 07/12 15:22:53 | 0.970060    0.967066    0.000000    0.952929    0.203723    0.938875    0.959402    0.970060    0.967066    0.960510    900         17.571690   7.066511    0.038970    6.978963    2.691792    2.449402    4.201344    0.474300    0.015139    0.022646    0.000000    0.175250    19.497081   12.284214   21.000000   0.015060    0.525920    0.987679    0.977354    0.038970    2.691792    4.201344    0.428869    11.194898  
[37m[36mINFO[0m[0m 07/12 15:23:49 | 0.955838    0.934132    0.000000    0.945491    0.247807    0.924205    0.959402    0.955838    0.934132    0.952866    1000        19.524100   7.061964    0.041947    6.972435    2.690607    2.432178    4.172289    0.463617    0.009180    0.024203    0.000000    0.225250    19.470306   13.607623   21.000000   0.009140    0.536583    0.987561    0.975797    0.041947    2.690607    4.172289    0.428108    11.329400  
[37m[36mINFO[0m[0m 07/12 15:24:45 | 0.959581    0.943114    0.000000    0.954620    0.199019    0.931540    0.974359    0.959581    0.943114    0.957962    1100        21.476510   7.082040    0.041360    6.992425    2.696494    2.412879    4.163098    0.469960    0.007092    0.025053    0.000000    0.275250    18.414837   13.334270   21.000000   0.007085    0.530226    0.987981    0.974947    0.041360    2.696494    4.163098    0.427655    11.379625  
[37m[36mINFO[0m[0m 07/12 15:25:41 | 0.967814    0.955090    0.000000    0.963620    0.149792    0.965770    0.972222    0.967814    0.955090    0.952866    1200        23.428920   7.019687    0.024109    6.948867    2.667831    2.403302    4.124743    0.454355    0.006492    0.025379    0.000000    0.325250    19.024601   13.602687   21.000000   0.006487    0.545811    0.988655    0.974622    0.024109    2.667831    4.124743    0.428493    11.342386  
[37m[36mINFO[0m[0m 07/12 15:26:37 | 0.969311    0.967066    0.000000    0.959524    0.186476    0.955990    0.978632    0.969311    0.967066    0.943949    1300        25.381330   7.023001    0.019048    6.955200    2.659841    2.342488    4.119624    0.474089    0.006845    0.026764    0.000000    0.375250    17.803172   13.136284   21.000000   0.006854    0.526066    0.989420    0.973236    0.019048    2.659841    4.119624    0.427950    11.357593  
[37m[36mINFO[0m[0m 07/12 15:27:33 | 0.970060    0.958084    0.000000    0.963839    0.152176    0.960880    0.976496    0.970060    0.958084    0.954140    1400        27.333740   7.060202    0.025572    6.985056    2.681163    2.303479    4.108045    0.480136    0.006604    0.031062    0.000000    0.425250    17.525902   13.355061   21.000000   0.006592    0.520021    0.988550    0.968938    0.025572    2.681163    4.108045    0.428227    11.396831  
[37m[36mINFO[0m[0m 07/12 15:28:29 | 0.967066    0.946108    0.000000    0.967236    0.135819    0.960880    0.976496    0.967066    0.946108    0.964331    1500        29.286150   7.047576    0.021213    6.976487    2.670352    2.236073    4.093628    0.481826    0.005714    0.033744    0.000000    0.475250    17.926267   12.795153   21.000000   0.005706    0.518332    0.988961    0.966257    0.021213    2.670352    4.093628    0.427174    11.269064  
[37m[36mINFO[0m[0m 07/12 15:29:25 | 0.972305    0.967066    0.000000    0.938786    0.235236    0.907090    0.955128    0.972305    0.967066    0.954140    1600        31.238560   7.075005    0.030942    6.993352    2.684637    2.177369    4.090979    0.488680    0.005084    0.036749    0.000000    0.500000    17.190524   13.079631   21.000000   0.005082    0.511478    0.988114    0.963251    0.030942    2.684637    4.090979    0.427710    11.283151  
[37m[36mINFO[0m[0m 07/12 15:30:21 | 0.948353    0.943114    0.000000    0.958134    0.154661    0.953545    0.974359    0.948353    0.943114    0.946497    1700        33.190970   7.106914    0.042332    7.013551    2.704624    2.178519    4.091075    0.491012    0.004750    0.038484    0.000000    0.500000    16.737427   12.532854   21.000000   0.004741    0.509160    0.987024    0.961516    0.042332    2.704624    4.091075    0.427910    11.483529  
[37m[36mINFO[0m[0m 07/12 15:31:17 | 0.976048    0.964072    0.000000    0.953812    0.194152    0.946210    0.957265    0.976048    0.964072    0.957962    1800        35.143380   7.028470    0.023737    6.953512    2.675587    2.156941    4.062231    0.494060    0.003489    0.036229    0.000000    0.500000    16.632332   12.658064   21.000000   0.003479    0.506099    0.988482    0.963771    0.023737    2.675587    4.062231    0.427642    11.073675  
[37m[36mINFO[0m[0m 07/12 15:32:13 | 0.961826    0.952096    0.000000    0.950888    0.224260    0.943765    0.963675    0.961826    0.952096    0.945223    1900        37.095790   6.971398    0.015577    6.903285    2.650636    2.108563    4.041793    0.506792    0.003001    0.037076    0.000000    0.500000    15.883997   12.175366   21.000000   0.002997    0.493356    0.988596    0.962924    0.015577    2.650636    4.041793    0.426377    11.477586  
[37m[36mINFO[0m[0m 07/12 15:33:09 | 0.964820    0.946108    0.000000    0.961154    0.187081    0.951100    0.980769    0.964820    0.946108    0.951592    2000        39.048200   6.997031    0.018976    6.924720    2.665096    2.078702    4.051753    0.513991    0.002439    0.038673    0.000000    0.500000    15.446396   11.348387   21.000000   0.002434    0.486160    0.987894    0.961327    0.018976    2.665096    4.051753    0.426452    11.640089  
[37m[36mINFO[0m[0m 07/12 15:34:05 | 0.968563    0.961078    0.000000    0.961428    0.163210    0.951100    0.976496    0.968563    0.961078    0.956688    2100        41.000610   6.940222    0.010071    6.875655    2.645697    2.043020    4.025656    0.525246    0.002100    0.039383    0.000000    0.500000    15.140258   11.135850   21.000000   0.002097    0.474892    0.988163    0.960617    0.010071    2.645697    4.025656    0.426947    11.871899  
[37m[36mINFO[0m[0m 07/12 15:35:02 | 0.966317    0.952096    0.000000    0.954860    0.189880    0.943765    0.967949    0.966317    0.952096    0.952866    2200        42.953020   6.946745    0.010293    6.880604    2.649151    1.988196    4.032633    0.537524    0.001725    0.041889    0.000000    0.500000    14.558387   10.875679   21.000000   0.001723    0.462613    0.987252    0.958111    0.010293    2.649151    4.032633    0.426592    11.783228  
[37m[36mINFO[0m[0m 07/12 15:35:58 | 0.956587    0.934132    0.000000    0.956915    0.177375    0.948655    0.967949    0.956587    0.934132    0.954140    2300        44.905430   6.964286    0.018942    6.888541    2.664727    1.943121    4.029502    0.545820    0.001525    0.044381    0.000000    0.500000    14.191733   10.674304   21.000000   0.001522    0.454314    0.986197    0.955619    0.018942    2.664727    4.029502    0.426835    11.801656  
[37m[36mINFO[0m[0m 07/12 15:36:54 | 0.961078    0.943114    0.000000    0.952853    0.202606    0.946210    0.972222    0.961078    0.943114    0.940127    2400        46.857840   6.925990    0.009862    6.859071    2.656137    1.919861    4.010947    0.548370    0.001236    0.044378    0.000000    0.500000    14.191953   10.493680   21.000000   0.001233    0.451763    0.986091    0.955622    0.009862    2.656137    4.010947    0.427459    11.741609  
[37m[36mINFO[0m[0m 07/12 15:37:50 | 0.970060    0.955090    0.000000    0.956572    0.187773    0.943765    0.974359    0.970060    0.955090    0.951592    2500        48.810250   6.920600    0.010359    6.852916    2.655319    1.884763    4.009121    0.551057    0.000940    0.044358    0.000000    0.500000    13.853576   10.627627   21.000000   0.000937    0.449067    0.986371    0.955642    0.010359    2.655319    4.009121    0.426962    11.637681  
[37m[36mINFO[0m[0m 07/12 15:38:46 | 0.971557    0.952096    0.000000    0.952429    0.226993    0.926650    0.976496    0.971557    0.952096    0.954140    2600        50.762660   6.944352    0.015916    6.870968    2.669787    1.874354    4.013746    0.551984    0.000744    0.045367    0.000000    0.500000    13.828451   10.464864   21.000000   0.000744    0.448141    0.985290    0.954633    0.015916    2.669787    4.013746    0.427272    11.577349  
[37m[36mINFO[0m[0m 07/12 15:39:42 | 0.962575    0.937126    0.000000    0.948628    0.216661    0.924205    0.970085    0.962575    0.937126    0.951592    2700        52.715070   6.928693    0.015943    6.854547    2.667620    1.839064    4.003021    0.559292    0.000718    0.045467    0.000000    0.500000    13.386906   10.117673   21.000000   0.000717    0.440831    0.985309    0.954533    0.015943    2.667620    4.003021    0.426577    11.652817  
[37m[36mINFO[0m[0m 07/12 15:40:38 | 0.969311    0.961078    0.000000    0.963770    0.159724    0.955990    0.978632    0.969311    0.961078    0.956688    2800        54.667480   6.908126    0.004945    6.844927    2.653715    1.794098    4.011802    0.559781    0.000674    0.045505    0.000000    0.500000    13.352933   10.052056   21.000000   0.000674    0.440336    0.985806    0.954495    0.004945    2.653715    4.011802    0.428612    11.083871  
[37m[36mINFO[0m[0m 07/12 15:41:34 | 0.953593    0.934132    0.000000    0.957421    0.180303    0.953545    0.972222    0.953593    0.934132    0.946497    2900        56.619890   6.879421    0.008440    6.811465    2.656492    1.705164    3.984456    0.570677    0.000591    0.048961    0.000000    0.500000    13.020119   9.903859    21.000000   0.000590    0.429437    0.984380    0.951039    0.008440    2.656492    3.984456    0.427825    11.416785  
[37m[36mINFO[0m[0m 07/12 15:42:31 | 0.953593    0.922156    0.000000    0.961277    0.163888    0.960880    0.970085    0.953593    0.922156    0.952866    3000        58.572300   6.870104    0.006948    6.803004    2.650911    1.699094    3.982183    0.577509    0.000562    0.047994    0.000000    0.500000    12.811849   9.467117    21.000000   0.000561    0.422604    0.984440    0.952006    0.006948    2.650911    3.982183    0.426833    11.752221  
[37m[36mINFO[0m[0m 07/12 15:43:27 | 0.931138    0.898204    0.000000    0.937670    0.312152    0.914425    0.944444    0.931138    0.898204    0.954140    3100        60.524710   6.903962    0.014191    6.829885    2.672709    1.668854    3.990291    0.574447    0.000521    0.048828    0.000000    0.500000    12.895778   9.361424    21.000000   0.000521    0.425667    0.983773    0.951172    0.014191    2.672709    3.990291    0.427225    11.755559  
[37m[36mINFO[0m[0m 07/12 15:44:23 | 0.959581    0.940120    0.000000    0.952538    0.187919    0.936430    0.959402    0.959581    0.940120    0.961783    3200        62.477120   6.902020    0.015191    6.827039    2.672172    1.717331    3.983133    0.573051    0.000498    0.049683    0.000000    0.500000    12.957956   9.315380    21.000000   0.000497    0.427067    0.982730    0.950317    0.015191    2.672172    3.983133    0.426513    11.763788  
[37m[36mINFO[0m[0m 07/12 15:45:20 | 0.970060    0.949102    0.000000    0.957648    0.206083    0.946210    0.963675    0.970060    0.949102    0.963057    3300        64.429530   6.872861    0.013007    6.799791    2.658215    1.675454    3.974031    0.576019    0.000454    0.049201    0.000000    0.500000    12.661892   9.286210    21.000000   0.000454    0.424095    0.982870    0.950799    0.013007    2.658215    3.974031    0.427939    11.820085  
[37m[36mINFO[0m[0m 07/12 15:46:16 | 0.954341    0.931138    0.000000    0.954319    0.199455    0.951100    0.961538    0.954341    0.931138    0.950318    3400        66.381940   6.918441    0.026018    6.832377    2.690382    1.668461    3.975148    0.575436    0.000445    0.050063    0.000000    0.500000    12.723866   9.012031    21.000000   0.000444    0.424682    0.981894    0.949937    0.026018    2.690382    3.975148    0.427447    11.701739  
[37m[36mINFO[0m[0m 07/12 15:47:12 | 0.955838    0.943114    0.000000    0.962161    0.171183    0.948655    0.972222    0.955838    0.943114    0.965605    3500        68.334350   6.855382    0.010062    6.785038    2.662450    1.632621    3.959326    0.578281    0.000424    0.049047    0.000000    0.500000    12.717032   8.906094    21.000000   0.000425    0.421833    0.982561    0.950953    0.010062    2.662450    3.959326    0.426185    11.834662  
[37m[36mINFO[0m[0m 07/12 15:48:08 | 0.947605    0.922156    0.000000    0.955134    0.212559    0.943765    0.963675    0.947605    0.922156    0.957962    3600        70.286760   6.859342    0.009928    6.788752    2.667668    1.607730    3.960311    0.581170    0.000474    0.050896    0.000000    0.500000    12.674184   9.019720    21.000000   0.000473    0.418940    0.981900    0.949104    0.009928    2.667668    3.960311    0.427693    11.833666  
[37m[36mINFO[0m[0m 07/12 15:49:04 | 0.947605    0.928144    0.000000    0.953271    0.206946    0.953545    0.950855    0.947605    0.928144    0.955414    3700        72.239170   6.872472    0.016056    6.795850    2.672332    1.621595    3.961358    0.580807    0.000366    0.049720    0.000000    0.500000    12.448844   9.040997    21.000000   0.000366    0.419303    0.981991    0.950280    0.016056    2.672332    3.961358    0.427115    11.052979  
[37m[36mINFO[0m[0m 07/12 15:50:00 | 0.956587    0.940120    0.000000    0.941395    0.255829    0.933985    0.961538    0.956587    0.940120    0.928662    3800        74.191580   6.846525    0.012673    6.772797    2.664207    1.559166    3.952673    0.585740    0.000408    0.049605    0.000000    0.500000    12.270083   8.927329    21.000000   0.000408    0.414365    0.982276    0.950395    0.012673    2.664207    3.952673    0.426631    11.296434  
[37m[36mINFO[0m[0m 07/12 15:50:56 | 0.947605    0.916168    0.000000    0.951429    0.225143    0.936430    0.970085    0.947605    0.916168    0.947771    3900        76.143990   6.830358    0.007826    6.761376    2.659618    1.537151    3.948043    0.586564    0.000387    0.049979    0.000000    0.500000    12.194012   8.810498    21.000000   0.000387    0.413541    0.981598    0.950021    0.007826    2.659618    3.948043    0.426154    11.371369  
[37m[36mINFO[0m[0m 07/12 15:51:52 | 0.936377    0.928144    0.000000    0.940519    0.249147    0.933985    0.948718    0.936377    0.928144    0.938854    4000        78.096400   6.875388    0.022680    6.791234    2.684340    1.532498    3.953644    0.587897    0.000390    0.053667    0.000000    0.500000    12.250869   8.687562    21.000000   0.000390    0.412209    0.979179    0.946333    0.022680    2.684340    3.953644    0.427145    11.244658  
[37m[36mINFO[0m[0m 07/12 15:52:48 | 0.949850    0.934132    0.000000    0.943539    0.282392    0.931540    0.955128    0.949850    0.934132    0.943949    4100        80.048810   6.870225    0.020081    6.788857    2.680774    1.571509    3.950932    0.586814    0.000339    0.052108    0.000000    0.500000    12.353323   8.530520    21.000000   0.000339    0.413295    0.979476    0.947892    0.020081    2.680774    3.950932    0.427921    11.513602  
[37m[36mINFO[0m[0m 07/12 15:53:44 | 0.931886    0.913174    0.000000    0.956353    0.218216    0.948655    0.970085    0.931886    0.913174    0.950318    4200        82.001220   6.842179    0.013533    6.767291    2.664325    1.538265    3.949139    0.587835    0.000356    0.051424    0.000000    0.500000    12.201911   8.387366    21.000000   0.000356    0.412273    0.979711    0.948576    0.013533    2.664325    3.949139    0.426379    11.727388  
[37m[36mINFO[0m[0m 07/12 15:54:40 | 0.938623    0.901198    0.000000    0.955791    0.222445    0.958435    0.970085    0.938623    0.901198    0.938854    4300        83.953630   6.828981    0.009678    6.757812    2.662389    1.497422    3.945681    0.590292    0.000396    0.049224    0.000000    0.500000    12.085820   8.112954    21.000000   0.000396    0.409814    0.980480    0.950776    0.009678    2.662389    3.945681    0.426307    11.820795  
[37m[36mINFO[0m[0m 07/12 15:55:36 | 0.951347    0.928144    0.000000    0.962469    0.180476    0.955990    0.965812    0.951347    0.928144    0.965605    4400        85.906040   6.804596    0.008285    6.734748    2.659291    1.474435    3.928013    0.591560    0.000396    0.048142    0.000000    0.500000    12.143501   8.282343    21.000000   0.000395    0.408545    0.981039    0.951858    0.008285    2.659291    3.928013    0.425704    11.678174  
[37m[36mINFO[0m[0m 07/12 15:56:32 | 0.957335    0.940120    0.000000    0.961599    0.166317    0.948655    0.974359    0.957335    0.940120    0.961783    4500        87.858450   6.771660    0.002199    6.707487    2.646625    1.388624    3.921999    0.595530    0.000323    0.048413    0.000000    0.500000    11.912067   8.315364    21.000000   0.000323    0.404570    0.981060    0.951587    0.002199    2.646625    3.921999    0.426780    11.592202  
[37m[36mINFO[0m[0m 07/12 15:57:28 | 0.959581    0.952096    0.000000    0.961551    0.165847    0.960880    0.965812    0.959581    0.952096    0.957962    4600        89.810860   6.794200    0.007006    6.725334    2.656469    1.364064    3.932459    0.594163    0.000289    0.048851    0.000000    0.500000    11.842926   8.300853    21.000000   0.000289    0.405935    0.980194    0.951149    0.007006    2.656469    3.932459    0.427773    10.965090  
[37m[36mINFO[0m[0m 07/12 15:58:24 | 0.955838    0.934132    0.000000    0.957319    0.210865    0.941320    0.976496    0.955838    0.934132    0.954140    4700        91.763270   6.791768    0.008004    6.721768    2.657355    1.361392    3.928273    0.595221    0.000230    0.049494    0.000000    0.500000    11.763413   8.298155    21.000000   0.000230    0.404878    0.979426    0.950506    0.008004    2.657355    3.928273    0.429096    11.138639  
[37m[36mINFO[0m[0m 07/12 15:59:20 | 0.961826    0.937126    0.000000    0.965811    0.184752    0.960880    0.972222    0.961826    0.937126    0.964331    4800        93.715680   6.791998    0.004163    6.725577    2.657411    1.352622    3.932904    0.597930    0.000253    0.049304    0.000000    0.500000    11.755395   8.175138    21.000000   0.000253    0.402168    0.979175    0.950696    0.004163    2.657411    3.932904    0.429021    11.224799  
[37m[36mINFO[0m[0m 07/12 16:00:16 | 0.960329    0.943114    0.000000    0.963332    0.179771    0.955990    0.972222    0.960329    0.943114    0.961783    4900        95.668090   6.760615    0.000779    6.697560    2.647534    1.303450    3.919682    0.598593    0.000259    0.048321    0.000000    0.500000    11.686801   8.139832    21.000000   0.000260    0.401504    0.979518    0.951679    0.000779    2.647534    3.919682    0.427361    11.293992  
[37m[36mINFO[0m[0m 07/12 16:01:12 | 0.961078    0.955090    0.000000    0.960175    0.185514    0.958435    0.967949    0.961078    0.955090    0.954140    5000        97.620500   6.754989    0.002432    6.690189    2.645558    1.253352    3.919295    0.599380    0.000323    0.048592    0.000000    0.500000    11.620310   8.147726    21.000000   0.000323    0.400718    0.978916    0.951408    0.002432    2.645558    3.919295    0.428316    11.202101  
[37m[36mINFO[0m[0m 07/12 16:01:12 | ---
[37m[33mWARNING[0m[0m 07/12 16:01:12 | Evaluate SWAD ...
[37m[36mINFO[0m[0m 07/12 16:01:24 | 0.978293    0.976048    0.000000    0.975351    0.144245    0.977995    0.978632    0.978293    0.976048    0.969427    [201-5000]  (N=48)
[37m[36mINFO[0m[0m 07/12 16:01:24 | oracle = 97.305%
[37m[36mINFO[0m[0m 07/12 16:01:24 | iid = 96.707%
[37m[36mINFO[0m[0m 07/12 16:01:24 | last = 96.108%
[37m[36mINFO[0m[0m 07/12 16:01:24 | last (inD) = 96.017%
[37m[36mINFO[0m[0m 07/12 16:01:24 | iid (inD) = 96.724%
[37m[36mINFO[0m[0m 07/12 16:01:24 | SWAD = 97.829%
[37m[36mINFO[0m[0m 07/12 16:01:24 | SWAD (inD) = 97.535%
[37m[36mINFO[0m[0m 07/12 16:01:25 | 
[37m[36mINFO[0m[0m 07/12 16:01:29 | Testenv name escaping te_sketch -> te_sketch
[37m[36mINFO[0m[0m 07/12 16:01:29 | Test envs = [3], name = te_sketch
[37m[36mINFO[0m[0m 07/12 16:01:29 | Batch sizes for each domain: [32, 32, 32, 0] (total=96)
[37m[36mINFO[0m[0m 07/12 16:01:29 | steps-per-epoch for each domain: 51.22, 58.62, 41.75 -> min = 41.75
[37m[36mINFO[0m[0m 07/12 16:01:31 | # of params = 49169351
[37m[36mINFO[0m[0m 07/12 16:01:45 | test_in     test_out    train_in    train_out   tr_outloss  env0_out    env1_out    env2_out    env3_in     env3_out    step        epoch       loss        loss_cls    loss_ccc    loss_cross  loss_int    loss_ref    loss_isr    loss_orth   loss_inv    loss_gt     piccl_alph  paired_res  domain_res  valid_doma  basis_orth  response_c  raw_interv  mediator_i  ce_loss     sup_cl_los  pre_cl_los  step_time   eval_time  
[37m[36mINFO[0m[0m 07/12 16:01:45 | 0.125636    0.094268    0.000000    0.337594    1.806181    0.298289    0.256410    0.458084    0.125636    0.094268    0           0.000000    12.792056   2.091417    10.691059   5.503819    0.621572    5.187240    0.000000    0.118362    0.189233    0.000000    0.000000    0.000000    0.000000    20.000000   0.108022    0.000000    0.906820    0.810767    2.091417    5.503819    5.187240    0.402932    13.441554  
[37m[36mINFO[0m[0m 07/12 16:02:44 | 0.608779    0.619108    0.000000    0.938565    0.192241    0.931540    0.923077    0.961078    0.608779    0.619108    100         2.395210    8.200426    0.291629    7.808416    3.204398    2.044420    4.604018    0.976545    0.024339    0.054032    0.000000    0.000000    15.225771   2.562863    21.000000   0.023356    0.023960    0.968751    0.945968    0.291629    3.204398    4.604018    0.428403    13.832903  
[37m[36mINFO[0m[0m 07/12 16:03:43 | 0.718830    0.710828    0.000000    0.960187    0.117272    0.951100    0.959402    0.970060    0.718830    0.710828    200         4.790419    7.359991    0.092257    7.177473    2.849813    2.261215    4.327661    0.885839    0.018497    0.033161    0.000000    0.000000    15.864550   5.385824    21.000000   0.018764    0.115171    0.979308    0.966839    0.092257    2.849813    4.327661    0.427891    14.239328  
[37m[36mINFO[0m[0m 07/12 16:04:42 | 0.662214    0.649682    0.000000    0.962914    0.130836    0.958435    0.972222    0.958084    0.662214    0.649682    300         7.185629    7.134033    0.054328    6.998423    2.771797    2.372624    4.226626    0.798298    0.055051    0.027950    0.000000    0.000000    16.326319   6.810433    21.000000   0.055343    0.202370    0.982311    0.972050    0.054328    2.771797    4.226626    0.427642    14.004733  
[37m[36mINFO[0m[0m 07/12 16:05:40 | 0.631361    0.634395    0.000000    0.948559    0.198945    0.938875    0.948718    0.958084    0.631361    0.634395    400         9.580838    7.035031    0.052903    6.907317    2.745425    2.421357    4.161892    0.734308    0.063924    0.026330    0.000000    0.000000    16.841260   7.779528    21.000000   0.063857    0.266313    0.983174    0.973671    0.052903    2.745425    4.161892    0.425409    13.988273  
[37m[36mINFO[0m[0m 07/12 16:06:38 | 0.754453    0.750318    0.000000    0.959171    0.158574    0.943765    0.948718    0.985030    0.754453    0.750318    500         11.976048   6.920916    0.046028    6.807063    2.715868    2.467122    4.091195    0.666189    0.052139    0.023070    0.000000    0.000000    17.684463   8.163554    21.000000   0.052009    0.334450    0.984997    0.976930    0.046028    2.715868    4.091195    0.426812    12.455079  
[37m[36mINFO[0m[0m 07/12 16:07:35 | 0.810751    0.814013    0.000000    0.963916    0.167098    0.958435    0.957265    0.976048    0.810751    0.814013    600         14.371257   6.856675    0.027400    6.767031    2.696759    2.482589    4.057732    0.610938    0.040821    0.022185    0.000000    0.025250    17.703682   8.702738    21.000000   0.040719    0.389596    0.985766    0.977815    0.027400    2.696759    4.057732    0.426427    12.581691  
[37m[36mINFO[0m[0m 07/12 16:08:32 | 0.787532    0.791083    0.000000    0.951367    0.187735    0.924205    0.950855    0.979042    0.787532    0.791083    700         16.766467   6.898152    0.053123    6.788154    2.716785    2.490861    4.033875    0.556774    0.031670    0.023310    0.000000    0.075250    18.228567   9.633423    21.000000   0.031585    0.443624    0.985646    0.976690    0.053123    2.716785    4.033875    0.426421    12.694632  
[37m[36mINFO[0m[0m 07/12 16:09:30 | 0.764631    0.768153    0.000000    0.950841    0.180764    0.938875    0.946581    0.967066    0.764631    0.768153    800         19.161677   6.831764    0.029504    6.748299    2.693221    2.496075    3.992550    0.528713    0.022227    0.021342    0.000000    0.125250    18.345367   10.214055   21.000000   0.022124    0.471557    0.987513    0.978658    0.029504    2.693221    3.992550    0.426240    13.115669  
[37m[36mINFO[0m[0m 07/12 16:10:27 | 0.732506    0.723567    0.000000    0.954710    0.203570    0.946210    0.950855    0.967066    0.732506    0.723567    900         21.556886   6.805801    0.023969    6.729643    2.671620    2.485910    3.970901    0.511621    0.012903    0.020275    0.000000    0.175250    18.755523   10.025375   21.000000   0.012830    0.488575    0.988770    0.979725    0.023969    2.671620    3.970901    0.426417    12.792068  
[37m[36mINFO[0m[0m 07/12 16:11:25 | 0.807888    0.814013    0.000000    0.958432    0.190147    0.936430    0.965812    0.973054    0.807888    0.814013    1000        23.952096   6.846516    0.034327    6.761033    2.689148    2.472905    3.960473    0.499878    0.007193    0.023209    0.000000    0.225250    18.993566   10.038551   21.000000   0.007149    0.500301    0.987882    0.976791    0.034327    2.689148    3.960473    0.427509    13.104056  
[37m[36mINFO[0m[0m 07/12 16:12:23 | 0.799936    0.794904    0.000000    0.961833    0.138091    0.946210    0.972222    0.967066    0.799936    0.794904    1100        26.347305   6.804767    0.022549    6.732195    2.668557    2.479412    3.927155    0.488632    0.004224    0.023114    0.000000    0.275250    19.227202   10.851871   21.000000   0.004208    0.511540    0.988703    0.976886    0.022549    2.668557    3.927155    0.426486    13.247712  
[37m[36mINFO[0m[0m 07/12 16:13:20 | 0.769720    0.770701    0.000000    0.956889    0.147609    0.943765    0.950855    0.976048    0.769720    0.770701    1200        28.742515   6.817308    0.026487    6.739547    2.669418    2.435567    3.911758    0.499949    0.003321    0.025496    0.000000    0.325250    18.622222   11.066550   21.000000   0.003318    0.500228    0.988493    0.974504    0.026487    2.669418    3.911758    0.426333    13.185256  
[37m[36mINFO[0m[0m 07/12 16:14:18 | 0.750000    0.766879    0.000000    0.953953    0.191160    0.931540    0.957265    0.973054    0.750000    0.766879    1300        31.137725   6.825880    0.019777    6.754063    2.672411    2.392040    3.902165    0.506611    0.003628    0.027531    0.000000    0.375250    17.985440   10.847093   21.000000   0.003634    0.493558    0.988743    0.972469    0.019777    2.672411    3.902165    0.427459    13.215286  
[37m[36mINFO[0m[0m 07/12 16:15:15 | 0.766858    0.746497    0.000000    0.964827    0.132458    0.946210    0.972222    0.976048    0.766858    0.746497    1400        33.532934   6.819714    0.016484    6.749405    2.663760    2.346396    3.886111    0.523497    0.004645    0.029417    0.000000    0.425250    17.127715   10.236640   21.000000   0.004663    0.476676    0.989015    0.970583    0.016484    2.663760    3.886111    0.427878    12.663962  
[37m[36mINFO[0m[0m 07/12 16:16:13 | 0.782125    0.801274    0.000000    0.973057    0.122241    0.965770    0.974359    0.979042    0.782125    0.801274    1500        35.928144   6.793811    0.007990    6.730176    2.650700    2.275667    3.863247    0.540513    0.006176    0.031750    0.000000    0.475250    16.292425   9.484618    21.000000   0.006190    0.459655    0.989952    0.968250    0.007990    2.650700    3.863247    0.427900    12.824142  
[37m[36mINFO[0m[0m 07/12 16:17:10 | 0.801209    0.792357    0.000000    0.950305    0.220598    0.919315    0.961538    0.970060    0.801209    0.792357    1600        38.323353   6.796512    0.011094    6.728105    2.655495    2.183587    3.854251    0.554746    0.007532    0.036625    0.000000    0.500000    15.901103   9.001283    21.000000   0.007547    0.445416    0.988814    0.963375    0.011094    2.655495    3.854251    0.427099    12.957023  
[37m[36mINFO[0m[0m 07/12 16:18:08 | 0.778944    0.777070    0.000000    0.962228    0.153636    0.965770    0.950855    0.970060    0.778944    0.777070    1700        40.718563   6.857772    0.023141    6.777668    2.690189    2.182825    3.869196    0.550499    0.008492    0.038090    0.000000    0.500000    15.771337   8.834569    21.000000   0.008497    0.449673    0.987380    0.961910    0.023141    2.690189    3.869196    0.426596    12.952605  
[37m[36mINFO[0m[0m 07/12 16:19:05 | 0.750954    0.751592    0.000000    0.963585    0.168317    0.943765    0.967949    0.979042    0.750954    0.751592    1800        43.113772   6.799606    0.013464    6.728850    2.667806    2.159912    3.845053    0.554396    0.009948    0.036832    0.000000    0.500000    15.492354   8.699042    21.000000   0.009967    0.445766    0.988162    0.963168    0.013464    2.667806    3.845053    0.426325    13.104155  
[37m[36mINFO[0m[0m 07/12 16:20:03 | 0.707379    0.759236    0.000000    0.938599    0.375759    0.929095    0.946581    0.940120    0.707379    0.759236    1900        45.508982   6.773441    0.012590    6.703272    2.662415    2.138428    3.827014    0.557603    0.011277    0.036149    0.000000    0.500000    15.522265   8.476758    21.000000   0.011281    0.442553    0.988333    0.963851    0.012590    2.662415    3.827014    0.426173    12.989552  
[37m[36mINFO[0m[0m 07/12 16:21:00 | 0.806616    0.814013    0.000000    0.964320    0.172867    0.951100    0.965812    0.976048    0.806616    0.814013    2000        47.904192   6.795597    0.020299    6.717972    2.676738    2.118895    3.829345    0.554527    0.011584    0.037236    0.000000    0.500000    15.684597   7.955891    21.000000   0.011592    0.445630    0.987829    0.962764    0.020299    2.676738    3.829345    0.424996    13.326884  
[37m[36mINFO[0m[0m 07/12 16:21:59 | 0.743639    0.765605    0.000000    0.937393    0.289583    0.907090    0.952991    0.952096    0.743639    0.765605    2100        50.299401   6.831579    0.030408    6.743239    2.695013    2.105722    3.837654    0.560093    0.011778    0.038205    0.000000    0.500000    15.260876   7.977067    21.000000   0.011779    0.440061    0.986871    0.961795    0.030408    2.695013    3.837654    0.426627    14.050616  
[37m[36mINFO[0m[0m 07/12 16:22:57 | 0.813295    0.806369    0.000000    0.965459    0.153684    0.951100    0.972222    0.973054    0.813295    0.806369    2200        52.694611   6.780907    0.016961    6.705391    2.674077    2.075557    3.823758    0.567050    0.012397    0.036751    0.000000    0.500000    14.757058   7.965485    21.000000   0.012407    0.433094    0.987838    0.963249    0.016961    2.674077    3.823758    0.425646    13.766608  
[37m[36mINFO[0m[0m 07/12 16:23:54 | 0.749046    0.743949    0.000000    0.960980    0.166143    0.946210    0.963675    0.973054    0.749046    0.743949    2300        55.089820   6.735449    0.012288    6.663034    2.657927    2.012064    3.803900    0.581787    0.013429    0.038704    0.000000    0.500000    14.380155   7.523115    21.000000   0.013428    0.418346    0.987552    0.961296    0.012288    2.657927    3.803900    0.425710    12.390416  
[37m[36mINFO[0m[0m 07/12 16:24:51 | 0.831425    0.838217    0.000000    0.962020    0.151099    0.943765    0.957265    0.985030    0.831425    0.838217    2400        57.485030   6.727867    0.010509    6.657281    2.661258    1.989994    3.797024    0.581116    0.012769    0.039058    0.000000    0.500000    14.339259   7.316684    21.000000   0.012764    0.419014    0.987436    0.960942    0.010509    2.661258    3.797024    0.427604    12.506693  
[37m[36mINFO[0m[0m 07/12 16:25:48 | 0.812023    0.810191    0.000000    0.967843    0.127492    0.953545    0.967949    0.982036    0.812023    0.810191    2500        59.880240   6.688249    0.002724    6.624200    2.647714    1.901702    3.786316    0.592965    0.011923    0.040341    0.000000    0.500000    13.900906   7.390527    21.000000   0.011902    0.407153    0.987466    0.959659    0.002724    2.647714    3.786316    0.424337    12.708097  
[37m[36mINFO[0m[0m 07/12 16:26:45 | 0.808524    0.806369    0.000000    0.970612    0.143000    0.958435    0.974359    0.979042    0.808524    0.806369    2600        62.275449   6.685700    0.001214    6.622055    2.650689    1.847062    3.786660    0.602925    0.009687    0.042570    0.000000    0.500000    13.654395   7.226669    21.000000   0.009677    0.397191    0.986726    0.957430    0.001214    2.650689    3.786660    0.426527    12.834473  
[37m[36mINFO[0m[0m 07/12 16:27:43 | 0.766539    0.754140    0.000000    0.956456    0.216454    0.926650    0.963675    0.979042    0.766539    0.754140    2700        64.670659   6.715464    0.009945    6.642284    2.670633    1.831364    3.788515    0.610017    0.008594    0.044493    0.000000    0.500000    13.527438   7.137363    21.000000   0.008573    0.390098    0.985163    0.955507    0.009945    2.670633    3.788515    0.427167    13.042698  
[37m[36mINFO[0m[0m 07/12 16:28:41 | 0.785623    0.787261    0.000000    0.958740    0.198960    0.943765    0.959402    0.973054    0.785623    0.787261    2800        67.065868   6.741096    0.013767    6.664928    2.680597    1.880963    3.796235    0.601959    0.005912    0.043975    0.000000    0.500000    14.016341   6.957210    21.000000   0.005889    0.398166    0.985032    0.956025    0.013767    2.680597    3.796235    0.427411    13.420357  
[37m[36mINFO[0m[0m 07/12 16:29:38 | 0.782443    0.789809    0.000000    0.969717    0.140288    0.960880    0.972222    0.976048    0.782443    0.789809    2900        69.461078   6.689079    0.002601    6.622996    2.657381    1.806790    3.784936    0.613197    0.003885    0.043182    0.000000    0.500000    13.506574   6.867870    21.000000   0.003864    0.386916    0.985785    0.956818    0.002601    2.657381    3.784936    0.426706    13.079327  
[37m[36mINFO[0m[0m 07/12 16:30:36 | 0.812977    0.814013    0.000000    0.967821    0.149232    0.946210    0.972222    0.985030    0.812977    0.814013    3000        71.856287   6.654518    0.001639    6.588346    2.652314    1.724332    3.763599    0.622131    0.002888    0.046342    0.000000    0.500000    13.155048   6.704150    21.000000   0.002888    0.377979    0.984452    0.953658    0.001639    2.652314    3.763599    0.427020    13.061236  
[37m[36mINFO[0m[0m 07/12 16:31:34 | 0.785305    0.783439    0.000000    0.964747    0.182083    0.951100    0.970085    0.973054    0.785305    0.783439    3100        74.251497   6.652612    0.001658    6.585603    2.657491    1.659487    3.762163    0.629939    0.002612    0.047083    0.000000    0.500000    12.794156   6.614629    21.000000   0.002605    0.370169    0.983943    0.952917    0.001658    2.657491    3.762163    0.427705    13.710402  
[37m[36mINFO[0m[0m 07/12 16:32:31 | 0.806298    0.783439    0.000000    0.966274    0.155895    0.953545    0.972222    0.973054    0.806298    0.783439    3200        76.646707   6.651813    0.001687    6.584362    2.660085    1.601224    3.764154    0.633684    0.001934    0.047876    0.000000    0.500000    12.642876   6.615321    21.000000   0.001928    0.366420    0.983248    0.952124    0.001687    2.660085    3.764154    0.427157    12.213076  
[37m[36mINFO[0m[0m 07/12 16:33:29 | 0.743639    0.750318    0.000000    0.961060    0.176749    0.941320    0.965812    0.976048    0.743639    0.750318    3300        79.041916   6.686343    0.006916    6.613902    2.678462    1.617591    3.773681    0.631031    0.001423    0.048408    0.000000    0.500000    12.715008   6.608259    21.000000   0.001418    0.369076    0.982052    0.951592    0.006916    2.678462    3.773681    0.427745    12.518013  
[37m[36mINFO[0m[0m 07/12 16:34:26 | 0.804389    0.796178    0.000000    0.954460    0.219574    0.926650    0.963675    0.973054    0.804389    0.796178    3400        81.437126   6.666194    0.006651    6.594088    2.670747    1.626058    3.760736    0.630817    0.000945    0.047443    0.000000    0.500000    12.806607   6.639147    21.000000   0.000943    0.369290    0.981983    0.952557    0.006651    2.670747    3.760736    0.428176    12.439872  
[37m[36mINFO[0m[0m 07/12 16:35:23 | 0.748410    0.759236    0.000000    0.955849    0.208653    0.946210    0.957265    0.964072    0.748410    0.759236    3500        83.832335   6.710278    0.023613    6.621583    2.690259    1.699915    3.761333    0.627293    0.000780    0.047045    0.000000    0.500000    12.903289   6.552162    21.000000   0.000780    0.372821    0.981160    0.952955    0.023613    2.690259    3.761333    0.427526    12.509125  
[37m[36mINFO[0m[0m 07/12 16:36:20 | 0.781807    0.791083    0.000000    0.946579    0.284954    0.929095    0.961538    0.949102    0.781807    0.791083    3600        86.227545   6.731633    0.029205    6.637894    2.701866    1.735944    3.762434    0.622012    0.000659    0.046635    0.000000    0.500000    13.007416   6.531755    21.000000   0.000657    0.378105    0.980599    0.953365    0.029205    2.701866    3.762434    0.426927    12.581637  
[37m[36mINFO[0m[0m 07/12 16:37:17 | 0.743321    0.755414    0.000000    0.958191    0.205971    0.951100    0.959402    0.964072    0.743321    0.755414    3700        88.622754   6.723185    0.021323    6.637534    2.691260    1.785456    3.767728    0.620283    0.000508    0.045974    0.000000    0.500000    13.185760   6.645980    21.000000   0.000506    0.379837    0.981236    0.954026    0.021323    2.691260    3.767728    0.427726    12.705963  
[37m[36mINFO[0m[0m 07/12 16:38:14 | 0.767176    0.751592    0.000000    0.959087    0.204991    0.948655    0.961538    0.967066    0.767176    0.751592    3800        91.017964   6.696670    0.013575    6.618384    2.681949    1.700630    3.766372    0.624366    0.000340    0.045485    0.000000    0.500000    12.971753   6.624901    21.000000   0.000339    0.375744    0.981709    0.954515    0.013575    2.681949    3.766372    0.426684    12.782687  
[37m[36mINFO[0m[0m 07/12 16:39:12 | 0.698155    0.691720    0.000000    0.950837    0.245894    0.938875    0.961538    0.952096    0.698155    0.691720    3900        93.413174   6.694919    0.014467    6.615149    2.687289    1.662555    3.761605    0.629746    0.000240    0.046561    0.000000    0.500000    12.821016   6.571723    21.000000   0.000240    0.370360    0.980875    0.953439    0.014467    2.687289    3.761605    0.427496    13.000793  
[37m[36mINFO[0m[0m 07/12 16:39:12 | SWAD valley is dead -> early stop !
[37m[36mINFO[0m[0m 07/12 16:39:12 | ---
[37m[33mWARNING[0m[0m 07/12 16:39:12 | Evaluate SWAD ...
[37m[36mINFO[0m[0m 07/12 16:39:25 | 0.829517    0.836943    0.000000    0.977476    0.111870    0.965770    0.978632    0.988024    0.829517    0.836943    [101-3300]  (N=34)
[37m[36mINFO[0m[0m 07/12 16:39:25 | oracle = 83.142%
[37m[36mINFO[0m[0m 07/12 16:39:25 | iid = 78.212%
[37m[36mINFO[0m[0m 07/12 16:39:25 | last = 69.816%
[37m[36mINFO[0m[0m 07/12 16:39:25 | last (inD) = 95.084%
[37m[36mINFO[0m[0m 07/12 16:39:25 | iid (inD) = 97.306%
[37m[36mINFO[0m[0m 07/12 16:39:25 | SWAD = 82.952%
[37m[36mINFO[0m[0m 07/12 16:39:25 | SWAD (inD) = 97.748%
[37m[36mINFO[0m[0m 07/12 16:39:26 | === Summary ===
[37m[36mINFO[0m[0m 07/12 16:39:26 | Command: train_all.py pacs_piccl_seed0 --dataset PACS --algorithm PICCL --deterministic --trial_seed 0 --checkpoint_freq 100 --data_dir /home/hooasia/lgg/data/repro_dccl_data
[37m[36mINFO[0m[0m 07/12 16:39:26 | Unique name: 260712_13-37-00_pacs_piccl_seed0
[37m[36mINFO[0m[0m 07/12 16:39:26 | Out path: train_output/PACS/260712_13-37-00_pacs_piccl_seed0
[37m[36mINFO[0m[0m 07/12 16:39:26 | Algorithm: PICCL
[37m[36mINFO[0m[0m 07/12 16:39:26 | Dataset: PACS
+------------+---------+---------+---------+---------+---------+
| Selection  |   env0  |   env1  |   env2  |   env3  |   Avg.  |
+------------+---------+---------+---------+---------+---------+
|   oracle   | 87.980% | 81.450% | 97.305% | 83.142% | 87.470% |
|    iid     | 86.211% | 81.983% | 96.707% | 78.212% | 85.778% |
|    last    | 84.991% | 82.090% | 96.108% | 69.816% | 83.251% |
| last (inD) | 96.604% | 95.856% | 96.017% | 95.084% | 95.890% |
| iid (inD)  | 97.813% | 96.797% | 96.724% | 97.306% | 97.160% |
|    SWAD    | 89.201% | 82.516% | 97.829% | 82.952% | 88.124% |
| SWAD (inD) | 97.926% | 97.682% | 97.535% | 97.748% | 97.723% |
+------------+---------+---------+---------+---------+---------+
